# Pkt size CDF:
#	./fb/B/B-079a31f6.parsed
#	 ./fb/B/B-2d1c28e6.parsed
#	 ./fb/B/B-59b83d96.parsed
#	 ./fb/B/B-791f21d2.parsed
#	 ./fb/B/B-7d9c6925.parsed
#	 ./fb/B/B-aee15954.parsed
#	 ./fb/B/B-bace22a7.parsed
#	 ./fb/B/B-dde385e4.parsed
#	 ./fb/B/B-e27318d3.parsed
#	 ./fb/B/B-febcb8d0.parsed
#
# Evaluated over 447882985 pkts
#
# key rate per 1000000 pkts:
# key_const: 1.0 (avg) 1.0 (99th) 1.0 (median) 1 (max) 452 (num_samples)
# key_ipdst: 16836.8473451 (avg) 17993.41 (99th) 16889.0 (median) 18078 (max) 452 (num_samples)
# key_ipsrc_ipdst: 440218.004425 (avg) 474105.14 (99th) 445094.5 (median) 474722 (max) 452 (num_samples)
# key_ipdst16: 16077.7809735 (avg) 17079.35 (99th) 16179.0 (median) 17126 (max) 452 (num_samples)
# key_5tuple: 737177.050885 (avg) 780393.36 (99th) 740758.0 (median) 781283 (max) 452 (num_samples)
#
# bytes -> fraction
60 4.93432453122e-07
64 7.65825029053e-07
71 7.90385015407e-07
72 0.227121117361
73 0.227122963825
74 0.227125895395
75 0.227128170543
76 0.227133435311
77 0.228873135246
78 0.228888201681
79 0.228962549225
80 0.230954567297
81 0.231051130465
82 0.23254203104
83 0.262843050401
84 0.262918099021
85 0.263063956315
86 0.264133809415
87 0.321387511518
88 0.323999204837
89 0.353117747932
90 0.353699868728
91 0.365582354061
92 0.37268309936
93 0.374513175579
94 0.376712218706
95 0.377288462968
96 0.378282678008
97 0.395648667029
98 0.396720927008
99 0.397838058082
100 0.400446359891
101 0.404539377624
102 0.434736756075
103 0.435445378663
104 0.436513215612
105 0.437503094698
106 0.439621813274
107 0.442014911551
108 0.443189660353
109 0.44436549426
110 0.445683423317
111 0.447376198049
112 0.455216388718
113 0.462721869196
114 0.466115619463
115 0.470588836948
116 0.480847427147
117 0.486247681412
118 0.491916483499
119 0.498990141365
120 0.504153360504
121 0.509783382372
122 0.517290026099
123 0.523672175223
124 0.526582582726
125 0.528830527018
126 0.530854586941
127 0.532425307472
128 0.53529923893
129 0.539772717644
130 0.544183965819
131 0.547403233012
132 0.550782629084
133 0.554170116554
134 0.556526924103
135 0.55884464555
136 0.5654861325
137 0.567241608877
138 0.570549321047
139 0.572176243757
140 0.573659227086
141 0.576785298062
142 0.57909579664
143 0.580753414868
144 0.582185637171
145 0.583711855006
146 0.586077220594
147 0.590492246541
148 0.591551009691
149 0.592393234139
150 0.595404022772
151 0.597831377765
152 0.600498221651
153 0.601440914305
154 0.603043636498
155 0.603742022038
156 0.604862555786
157 0.605837696648
158 0.606644340374
159 0.607860003881
160 0.608669679649
161 0.609330771965
162 0.610153585094
163 0.610842604347
164 0.61197894133
165 0.612850863268
166 0.613632750528
167 0.614195073743
168 0.616201204875
169 0.616734136485
170 0.617335907503
171 0.618234090764
172 0.619343056759
173 0.620322370586
174 0.621280810657
175 0.622796965596
176 0.624042607915
177 0.624687843411
178 0.625760831259
179 0.626351878494
180 0.629153771046
181 0.640920911519
182 0.645383159622
183 0.646498265613
184 0.64711140344
185 0.647657896627
186 0.655028225732
187 0.658711759278
188 0.660191806572
189 0.660882940217
190 0.661615352501
191 0.662635784211
192 0.664377788319
193 0.666835374423
194 0.669121721604
195 0.671788420362
196 0.674078234966
197 0.676633576514
198 0.679654879053
199 0.681911966359
200 0.68641400164
201 0.694509232138
202 0.701863985747
203 0.720384570984
204 0.731301107588
205 0.735493816538
206 0.746604564583
207 0.753640819823
208 0.765088664844
209 0.772792143466
210 0.775946172637
211 0.782395537978
212 0.786129475314
213 0.78932486127
214 0.79169477492
215 0.794566270474
216 0.798037089978
217 0.80176540531
218 0.804689756188
219 0.807705530497
220 0.809038079444
221 0.811282929179
222 0.815066629513
223 0.816618849676
224 0.818568932687
225 0.821782863665
226 0.823263978202
227 0.829279748147
228 0.831736751509
229 0.83279657967
230 0.836741237223
231 0.838182051056
232 0.839842011413
233 0.841605793532
234 0.842604898242
235 0.843348451829
236 0.844667934863
237 0.845329263848
238 0.846072942468
239 0.846774230551
240 0.847956970279
241 0.848742208861
242 0.849287512005
243 0.84993671059
244 0.850562204323
245 0.851320710476
246 0.85199798559
247 0.85314720317
248 0.853737522537
249 0.855988769031
250 0.856662674962
251 0.857139225774
252 0.858210949898
253 0.858775682225
254 0.859118653503
255 0.859442284909
256 0.859762346186
257 0.860021746529
258 0.860313918825
259 0.860637387241
260 0.861314407825
261 0.861729018351
262 0.862898133985
263 0.863216161248
264 0.863645161694
265 0.864179115892
266 0.864459992826
267 0.864699928264
268 0.864909541049
269 0.86511434231
270 0.865379663843
271 0.865597752056
272 0.865915105036
273 0.866141731194
274 0.866391584401
275 0.866636070134
276 0.866905747715
277 0.867155654507
278 0.867412634575
279 0.867694210353
280 0.868051497871
281 0.868824512278
282 0.869202928082
283 0.869532628037
284 0.869849018712
285 0.870167713561
286 0.870502423753
287 0.870836881647
288 0.871271731835
289 0.871605745416
290 0.872517284844
291 0.872944950119
292 0.873541670712
293 0.873816550544
294 0.874159115467
295 0.874821297353
296 0.875163232647
297 0.875694092287
298 0.876409471104
299 0.877173009821
300 0.878136647679
301 0.878548114526
302 0.879014582347
303 0.87944953524
304 0.880012110753
305 0.880711989986
306 0.881285557209
307 0.881800901635
308 0.882287030842
309 0.882710728563
310 0.883242610791
311 0.883768230222
312 0.884390220808
313 0.88504072777
314 0.885756673699
315 0.886301813855
316 0.886909715939
317 0.887480661942
318 0.888193439633
319 0.889147025758
320 0.890422211507
321 0.891621241205
322 0.892592619923
323 0.893208367807
324 0.894012267513
325 0.894498977228
326 0.895023969263
327 0.895605422475
328 0.896343717992
329 0.897177518365
330 0.898294586923
331 0.899016934078
332 0.900141285787
333 0.900962594058
334 0.902946176891
335 0.904090031463
336 0.905666394092
337 0.906407947157
338 0.907472339009
339 0.909059275829
340 0.910531562167
341 0.911016525891
342 0.911863700293
343 0.912243721427
344 0.913223673813
345 0.91387525695
346 0.914593415511
347 0.91512955778
348 0.915657526039
349 0.9162525252
350 0.916967917413
351 0.917568069705
352 0.91843517342
353 0.919123589837
354 0.91986231627
355 0.920555667012
356 0.921352752439
357 0.922052727679
358 0.922852561591
359 0.923639416666
360 0.924701604818
361 0.925802789763
362 0.926950404245
363 0.927690340816
364 0.928388750915
365 0.92903740918
366 0.929693142954
367 0.93019433413
368 0.930602918528
369 0.931000575966
370 0.931344058538
371 0.931664005946
372 0.932132474289
373 0.932399577537
374 0.93271710467
375 0.932974462069
376 0.93329790146
377 0.93356304884
378 0.933943797843
379 0.934185843207
380 0.934568043482
381 0.934784439289
382 0.935392048886
383 0.935804060519
384 0.936246796694
385 0.936597207416
386 0.937052176698
387 0.93735360141
388 0.93803300208
389 0.938466615338
390 0.938896930858
391 0.93914932714
392 0.939424122129
393 0.939665348082
394 0.939896899634
395 0.940123987966
396 0.940542074846
397 0.940834218117
398 0.941048664754
399 0.941409812655
400 0.941659313091
401 0.941851358788
402 0.942214770673
403 0.942403808888
404 0.942600815702
405 0.94280713745
406 0.943000761684
407 0.943179455679
408 0.94336931777
409 0.943517351971
410 0.943705322943
411 0.943846107483
412 0.944075564738
413 0.944230859764
414 0.94453720987
415 0.944723910421
416 0.945007928801
417 0.94516929461
418 0.945344076869
419 0.945468008793
420 0.945642949576
421 0.945769333033
422 0.945956716798
423 0.946084180894
424 0.946240252909
425 0.946371720284
426 0.946527926262
427 0.946665877473
428 0.94679119592
429 0.946948989367
430 0.947078833549
431 0.947190556927
432 0.947322598112
433 0.947442828176
434 0.947556181444
435 0.947675572003
436 0.947790164434
437 0.947904754632
438 0.9480303611
439 0.948135073718
440 0.948248431452
441 0.948370119486
442 0.948468252261
443 0.948558708923
444 0.948671162402
445 0.948764590823
446 0.94886227482
447 0.94897250897
448 0.949090073159
449 0.949176906107
450 0.949286273959
451 0.949378085886
452 0.949468895319
453 0.949559322956
454 0.949657118589
455 0.949749595869
456 0.949866086117
457 0.949991886832
458 0.950083997945
459 0.950273371069
460 0.950402105586
461 0.950503712482
462 0.950697872571
463 0.950852765707
464 0.950962278686
465 0.951338841328
466 0.951501115856
467 0.951617818213
468 0.951930361901
469 0.952043735263
470 0.952153612177
471 0.952302512676
472 0.95242785345
473 0.952536772524
474 0.952755572977
475 0.952873974438
476 0.952985762565
477 0.953228573754
478 0.953345858852
479 0.953453054262
480 0.953647698852
481 0.953761750963
482 0.953883532772
483 0.954037894519
484 0.954148302821
485 0.954254902093
486 0.954360782427
487 0.954464130849
488 0.954618686843
489 0.954779521263
490 0.954887466869
491 0.955004153597
492 0.955138371689
493 0.955244459667
494 0.955361588474
495 0.955474613532
496 0.955594039814
497 0.955733529373
498 0.95585768457
499 0.955981120828
500 0.956110085317
501 0.956249344905
502 0.956402012013
503 0.956536926716
504 0.956714848188
505 0.956845848922
506 0.95698063636
507 0.957162800012
508 0.957334713218
509 0.957454626235
510 0.957578323723
511 0.957711405358
512 0.957859151538
513 0.958013636084
514 0.958117033627
515 0.95820752378
516 0.958304812584
517 0.958391973743
518 0.958484540332
519 0.958585231811
520 0.958682985022
521 0.95879683842
522 0.958916825117
523 0.959014033543
524 0.959109844283
525 0.959220484788
526 0.959308190732
527 0.959412595234
528 0.959539760146
529 0.959616601645
530 0.959699183483
531 0.959793098638
532 0.959875644752
533 0.959942885529
534 0.960034108016
535 0.960099937711
536 0.960165318627
537 0.960272741775
538 0.960339225658
539 0.960415198627
540 0.960497927824
541 0.960562185679
542 0.960619745357
543 0.960675429544
544 0.960728800627
545 0.960775786113
546 0.96085926774
547 0.960913748488
548 0.960976048242
549 0.961040216788
550 0.961094277784
551 0.96114145975
552 0.961203781832
553 0.961250597631
554 0.961300706702
555 0.961355546919
556 0.961416837481
557 0.961483095859
558 0.961582943367
559 0.961696142577
560 0.961752025476
561 0.961802719521
562 0.961859004312
563 0.961907775979
564 0.96196606799
565 0.962012897186
566 0.962059246346
567 0.962108022479
568 0.962159752508
569 0.962205744432
570 0.962253105016
571 0.962298837944
572 0.962351244489
573 0.962396758609
574 0.962438633386
575 0.962479222112
576 0.96253394846
577 0.962577609418
578 0.962625490228
579 0.962673125437
580 0.962722307927
581 0.962761458777
582 0.962811867033
583 0.962859589319
584 0.962909517539
585 0.962964873515
586 0.963011090944
587 0.963052097191
588 0.963136195049
589 0.963180081512
590 0.963222818121
591 0.963272853512
592 0.963351793773
593 0.963407085001
594 0.963461096876
595 0.96349783415
596 0.963643664651
597 0.963699313115
598 0.96374641247
599 0.963785974143
600 0.963906905283
601 0.963944227531
602 0.963981089838
603 0.964017985636
604 0.964066089718
605 0.964100993924
606 0.964148446051
607 0.964182557639
608 0.964261089312
609 0.964299284556
610 0.964338122825
611 0.964372805991
612 0.964473548823
613 0.964531673379
614 0.964576202867
615 0.964611062419
616 0.96467607047
617 0.964746725085
618 0.96480196496
619 0.964836476206
620 0.964888183909
621 0.964922594682
622 0.964996000016
623 0.965027470289
624 0.965068710972
625 0.965100721565
626 0.965155552851
627 0.965191946285
628 0.965238219532
629 0.965269377224
630 0.965302050937
631 0.965332768782
632 0.965380629497
633 0.96541572795
634 0.965452534439
635 0.965485335417
636 0.965523952646
637 0.965559430663
638 0.965594904214
639 0.965633028011
640 0.965676744787
641 0.965726181807
642 0.965802768775
643 0.965886589776
644 0.965996631911
645 0.966135737441
646 0.966323862471
647 0.96655538723
648 0.96679429338
649 0.966946295136
650 0.967022498075
651 0.967071571161
652 0.967127965355
653 0.967173356675
654 0.967217562418
655 0.967258079697
656 0.967305755096
657 0.967349462941
658 0.967389781508
659 0.967430999863
660 0.967480919152
661 0.967526084967
662 0.967570906942
663 0.967616400967
664 0.96766320337
665 0.967712008529
666 0.967762570842
667 0.967819992091
668 0.967876937768
669 0.967936986935
670 0.967989534142
671 0.96804218852
672 0.968107935603
673 0.96815759143
674 0.968199459509
675 0.968236411125
676 0.96828165955
677 0.968329192055
678 0.968380444281
679 0.968431136093
680 0.968477275376
681 0.968519208204
682 0.968561241504
683 0.968596766408
684 0.968643716171
685 0.968681692608
686 0.968718088275
687 0.968762209174
688 0.968807185208
689 0.968844020722
690 0.968881963668
691 0.968917530994
692 0.96897891533
693 0.969031058414
694 0.969076516716
695 0.96911979811
696 0.969164876849
697 0.969205432084
698 0.969243212042
699 0.969277714357
700 0.969315373747
701 0.969350677611
702 0.969398051592
703 0.96944122135
704 0.969487121732
705 0.969540499513
706 0.969578638939
707 0.969612652287
708 0.969652368018
709 0.969686506399
710 0.96971896577
711 0.969751777912
712 0.969789220727
713 0.969823280963
714 0.969858113722
715 0.969889423239
716 0.96997151611
717 0.970019470599
718 0.970056710237
719 0.970089770211
720 0.970143857999
721 0.970172941489
722 0.970225423947
723 0.970263313308
724 0.970313770683
725 0.970366353614
726 0.970414200933
727 0.97050502153
728 0.970545391449
729 0.97058391937
730 0.970615070363
731 0.970645355059
732 0.970736376601
733 0.970764372753
734 0.97079168569
735 0.970819695239
736 0.97084852643
737 0.970883944163
738 0.970911598707
739 0.970937569777
740 0.970965724452
741 0.970991429827
742 0.97103996036
743 0.971066469516
744 0.971098712313
745 0.971123774662
746 0.971148325718
747 0.971206901285
748 0.971236478207
749 0.971262991829
750 0.971290932162
751 0.97131498532
752 0.971359162037
753 0.971385552859
754 0.971411253768
755 0.971461548155
756 0.971498124672
757 0.97153212909
758 0.971558097926
759 0.971581097237
760 0.971612290653
761 0.971633988284
762 0.971659468154
763 0.971682107996
764 0.971715328726
765 0.971737870328
766 0.971759777836
767 0.971787298417
768 0.971814437202
769 0.971836532259
770 0.971858053505
771 0.971882727361
772 0.971911013767
773 0.971931635224
774 0.971954020536
775 0.971975329673
776 0.971997100984
777 0.972019071008
778 0.972040069797
779 0.972064703463
780 0.972086499335
781 0.972109018609
782 0.972130164758
783 0.972150520521
784 0.972170941033
785 0.972192098345
786 0.972229994404
787 0.972250894952
788 0.972272623842
789 0.972295203401
790 0.972316892101
791 0.97233725233
792 0.972364172308
793 0.972384896471
794 0.972411155562
795 0.972431797114
796 0.972457654314
797 0.972498640466
798 0.972523537594
799 0.972543152092
800 0.972562203943
801 0.972585261305
802 0.972606883024
803 0.972636531393
804 0.972661930884
805 0.972683291374
806 0.972703390374
807 0.972731931311
808 0.972756471202
809 0.972779892499
810 0.972805001735
811 0.972830043991
812 0.972852402509
813 0.972875466569
814 0.972899070949
815 0.972919029287
816 0.972939541341
817 0.972960674093
818 0.972980210445
819 0.972999905322
820 0.973022781833
821 0.97304345241
822 0.973066313292
823 0.973089325999
824 0.973112979499
825 0.97313615073
826 0.97315916567
827 0.973182935271
828 0.973221070232
829 0.9732425111
830 0.973267611406
831 0.97329259561
832 0.973317631167
833 0.973348875935
834 0.973376340698
835 0.973414636415
836 0.973439642946
837 0.973476672708
838 0.973502411573
839 0.973526484826
840 0.973552529575
841 0.973576625154
842 0.973612321978
843 0.973634620213
844 0.973659794199
845 0.973682150484
846 0.973715038539
847 0.973743387461
848 0.973772013242
849 0.9737981473
850 0.97382748532
851 0.973856669282
852 0.97389458097
853 0.973919650018
854 0.973954393468
855 0.973980210479
856 0.97401442254
857 0.974038247959
858 0.974093941078
859 0.974118409522
860 0.97414493654
861 0.974167679087
862 0.974191062427
863 0.974213851862
864 0.974271833524
865 0.974291729346
866 0.974311689917
867 0.974333304937
868 0.974351720462
869 0.974369776517
870 0.974391038767
871 0.974412015228
872 0.97443273046
873 0.974464752217
874 0.974483082898
875 0.974500109666
876 0.974531441511
877 0.974553054299
878 0.974571284507
879 0.974588541246
880 0.974606499062
881 0.974623735707
882 0.974675735896
883 0.974692762665
884 0.974712633926
885 0.974731199043
886 0.974749482837
887 0.974766067526
888 0.97479193589
889 0.974826246191
890 0.974848435022
891 0.974874263197
892 0.974892663092
893 0.974909741213
894 0.974931903252
895 0.974949968238
896 0.974966957051
897 0.974996337493
898 0.975012741331
899 0.975028723184
900 0.975045986621
901 0.975062636059
902 0.975080167424
903 0.975104414829
904 0.975122216353
905 0.975139944198
906 0.975160909496
907 0.975178755675
908 0.975196217825
909 0.975224100108
910 0.975256619762
911 0.975272134976
912 0.975296904838
913 0.975325930277
914 0.975342689118
915 0.97536031649
916 0.975378151506
917 0.975396368318
918 0.97542303823
919 0.975442206183
920 0.975458967257
921 0.975475393423
922 0.975495528146
923 0.975511737737
924 0.97553038993
925 0.975546833958
926 0.975565311998
927 0.975589635316
928 0.975607369858
929 0.975625910415
930 0.975644674245
931 0.975662585173
932 0.975681817875
933 0.97570156857
934 0.975718584175
935 0.975736390165
936 0.975758963025
937 0.975776851626
938 0.97579279329
939 0.975810934189
940 0.975829186724
941 0.975846834191
942 0.975870067938
943 0.975886210547
944 0.975909223254
945 0.975928380044
946 0.97594469234
947 0.975964483224
948 0.975989320068
949 0.976005351041
950 0.976021049338
951 0.976037901954
952 0.97605912848
953 0.976075061213
954 0.976099636829
955 0.976115294936
956 0.976133826562
957 0.976151235127
958 0.976168697278
959 0.976186811384
960 0.976207796776
961 0.976227810932
962 0.976248430157
963 0.976273133038
964 0.976294859695
965 0.976316465784
966 0.976339603524
967 0.976362433148
968 0.976386667156
969 0.976408041043
970 0.97642784309
971 0.976447165101
972 0.976470302841
973 0.976489274314
974 0.976508020282
975 0.976531827839
976 0.976548539794
977 0.976567868503
978 0.976587699576
979 0.976607084103
980 0.97662347901
981 0.976658744918
982 0.976688612094
983 0.976705203481
984 0.976724078947
985 0.976739533877
986 0.976757507321
987 0.976774011632
988 0.976791263906
989 0.976829847645
990 0.97685330913
991 0.976871637578
992 0.976892109443
993 0.976910549527
994 0.976929585749
995 0.976947874008
996 0.97698293004
997 0.977000709237
998 0.977018117802
999 0.977043461475
1000 0.977060481546
1001 0.977078309863
1002 0.97709932428
1003 0.977115692395
1004 0.977136325016
1005 0.977155443849
1006 0.977171392211
1007 0.97718750133
1008 0.977205188985
1009 0.977219900417
1010 0.977243105139
1011 0.977256836404
1012 0.977272347152
1013 0.977286938016
1014 0.977301783412
1015 0.977317760799
1016 0.977332081504
1017 0.977360164732
1018 0.977376117559
1019 0.977391012075
1020 0.977408722058
1021 0.977424404725
1022 0.977439848491
1023 0.977455821413
1024 0.977481392825
1025 0.977497682794
1026 0.977515904071
1027 0.977531209408
1028 0.977546682199
1029 0.977561503035
1030 0.977579045563
1031 0.977595813336
1032 0.97761146028
1033 0.977626953165
1034 0.977642760866
1035 0.977660691889
1036 0.977674474506
1037 0.977689308738
1038 0.977707154917
1039 0.977721049171
1040 0.977740478353
1041 0.977758317834
1042 0.977774261731
1043 0.977792916157
1044 0.977818418354
1045 0.977833650011
1046 0.977848075654
1047 0.977863325172
1048 0.977882533314
1049 0.977897054965
1050 0.977911840076
1051 0.977925517756
1052 0.97794252443
1053 0.977966106483
1054 0.977981230969
1055 0.977995337332
1056 0.9780123641
1057 0.978026716063
1058 0.978042329517
1059 0.978057054345
1060 0.978072002445
1061 0.978086506234
1062 0.978105497801
1063 0.97812039455
1064 0.978135204221
1065 0.97814991342
1066 0.978164479725
1067 0.978180968407
1068 0.978201891282
1069 0.978217129638
1070 0.97824231702
1071 0.97825955813
1072 0.978275526587
1073 0.978307037049
1074 0.978331351436
1075 0.978347857979
1076 0.978364324334
1077 0.978384523806
1078 0.978400909783
1079 0.978416121345
1080 0.978436678054
1081 0.978453061797
1082 0.978467098946
1083 0.978485262172
1084 0.978500949305
1085 0.978515734417
1086 0.978533533709
1087 0.978553902869
1088 0.978568969304
1089 0.97858710797
1090 0.978603458223
1091 0.978616262907
1092 0.978638284284
1093 0.978653504777
1094 0.978673728809
1095 0.978688719332
1096 0.978711475276
1097 0.978731647955
1098 0.978749672753
1099 0.978773018136
1100 0.97878737903
1101 0.978801717596
1102 0.97881525908
1103 0.978828036971
1104 0.978846416772
1105 0.978858754816
1106 0.978871974786
1107 0.978885746241
1108 0.978899705244
1109 0.978911976306
1110 0.978925216371
1111 0.978936933718
1112 0.978952991483
1113 0.978966559759
1114 0.978978685694
1115 0.978995297176
1116 0.979011339313
1117 0.979034727118
1118 0.979048052027
1119 0.979060850012
1120 0.979086919322
1121 0.979099174755
1122 0.979113814739
1123 0.979125594602
1124 0.979138736427
1125 0.979153385343
1126 0.979167909226
1127 0.979180437051
1128 0.979205582012
1129 0.979219992026
1130 0.97923470569
1131 0.979247369712
1132 0.979263291282
1133 0.979277386481
1134 0.979290979317
1135 0.979302812765
1136 0.979316441325
1137 0.979327828228
1138 0.979339315603
1139 0.979350092972
1140 0.979362366267
1141 0.979373308857
1142 0.979384590822
1143 0.979397230284
1144 0.979415335459
1145 0.979428278572
1146 0.979442315721
1147 0.9794534213
1148 0.979466819889
1149 0.979479227147
1150 0.979490138479
1151 0.979504381039
1152 0.979525632125
1153 0.979536764497
1154 0.979552221659
1155 0.979565037507
1156 0.979577362155
1157 0.979591515405
1158 0.979603145675
1159 0.979613465335
1160 0.979627417639
1161 0.979640206694
1162 0.979655695115
1163 0.979666133109
1164 0.979679000309
1165 0.979703292368
1166 0.979718787487
1167 0.979730143131
1168 0.979742266834
1169 0.979752229257
1170 0.979764035913
1171 0.979774710576
1172 0.979790067265
1173 0.979804441556
1174 0.979816413433
1175 0.979827711026
1176 0.979839245289
1177 0.979851221631
1178 0.979863584236
1179 0.97987622593
1180 0.97989068953
1181 0.979900325975
1182 0.979912862732
1183 0.979925430747
1184 0.979941852447
1185 0.979954663829
1186 0.979966345451
1187 0.979978712521
1188 0.979990970187
1189 0.980002236522
1190 0.980012929047
1191 0.980023641667
1192 0.980037180917
1193 0.980052845723
1194 0.980066045599
1195 0.980078138044
1196 0.98009119056
1197 0.980103950589
1198 0.980117487607
1199 0.98013201149
1200 0.98014675418
1201 0.980160344783
1202 0.980176311007
1203 0.98019197358
1204 0.980207611593
1205 0.980223278632
1206 0.980237867264
1207 0.980251440005
1208 0.980265280674
1209 0.980277323998
1210 0.980290718122
1211 0.980300848
1212 0.980313878189
1213 0.980327042342
1214 0.980338614561
1215 0.980354136472
1216 0.980368635795
1217 0.980379504705
1218 0.98039278496
1219 0.980404035666
1220 0.980414690235
1221 0.980424373568
1222 0.980435534965
1223 0.98044491688
1224 0.980457737193
1225 0.980466793129
1226 0.980476518884
1227 0.980488117896
1228 0.980498915359
1229 0.980509652538
1230 0.98051974446
1231 0.980530390098
1232 0.980544230766
1233 0.980556343305
1234 0.980574799019
1235 0.980588548145
1236 0.980602089629
1237 0.98061358147
1238 0.980626093666
1239 0.980637498431
1240 0.980647177298
1241 0.980656284588
1242 0.980668868232
1243 0.98067935088
1244 0.980689565602
1245 0.980699615102
1246 0.980708715693
1247 0.98071841019
1248 0.980730031529
1249 0.980740666003
1250 0.980752073
1251 0.980773170028
1252 0.980783837993
1253 0.980797147273
1254 0.980808433703
1255 0.980819014592
1256 0.980828581823
1257 0.980850949272
1258 0.980865265512
1259 0.980876353229
1260 0.980895157248
1261 0.980905512631
1262 0.980916685192
1263 0.980925712104
1264 0.980935855378
1265 0.980944408951
1266 0.980953659135
1267 0.980966883572
1268 0.980975843501
1269 0.980986341779
1270 0.980996630181
1271 0.981009258479
1272 0.981020828465
1273 0.981029500373
1274 0.981038449139
1275 0.981047464887
1276 0.981057380423
1277 0.981066347051
1278 0.9810795246
1279 0.981088301446
1280 0.981097395339
1281 0.981106085109
1282 0.981117087983
1283 0.981125706305
1284 0.981137140095
1285 0.981145325269
1286 0.981153898937
1287 0.981166855446
1288 0.981176413746
1289 0.981186034563
1290 0.981195800506
1291 0.981205244937
1292 0.981215930764
1293 0.981224935348
1294 0.981232928507
1295 0.981240419303
1296 0.981251665544
1297 0.981261313154
1298 0.981270154749
1299 0.981278404671
1300 0.981286420158
1301 0.981294471368
1302 0.981304299828
1303 0.981313744259
1304 0.981323206552
1305 0.981332456736
1306 0.98134158412
1307 0.981352544572
1308 0.981363717133
1309 0.98137228187
1310 0.981379859742
1311 0.981387636327
1312 0.981395986722
1313 0.981404924325
1314 0.981413823971
1315 0.981421935464
1316 0.981430207714
1317 0.981439777178
1318 0.981447832854
1319 0.981457141088
1320 0.98146636448
1321 0.981474134366
1322 0.981483250587
1323 0.981493342508
1324 0.98150296779
1325 0.981511961211
1326 0.981520021352
1327 0.981528577158
1328 0.981537235669
1329 0.981546126384
1330 0.981555347543
1331 0.981563963633
1332 0.981574479772
1333 0.981582338968
1334 0.981590430367
1335 0.981597994843
1336 0.98160589646
1337 0.981614030281
1338 0.981623914559
1339 0.981631383028
1340 0.981638483097
1341 0.981646282009
1342 0.981653750477
1343 0.981661247971
1344 0.981670556206
1345 0.981679125409
1346 0.981686995768
1347 0.98169528588
1348 0.981703064697
1349 0.981722560861
1350 0.981735653566
1351 0.981744131227
1352 0.981755544923
1353 0.981763424213
1354 0.981771091394
1355 0.981778320961
1356 0.981786269465
1357 0.981793887527
1358 0.981801416279
1359 0.981808744086
1360 0.98181666803
1361 0.981824353073
1362 0.981834034173
1363 0.981841670097
1364 0.981849489103
1365 0.981856756626
1366 0.981863398986
1367 0.981871427869
1368 0.981881017427
1369 0.981888142056
1370 0.981894969732
1371 0.98190161879
1372 0.981911625869
1373 0.981918944744
1374 0.981926395351
1375 0.981933205166
1376 0.981939764915
1377 0.981947532569
1378 0.981954286565
1379 0.981960812823
1380 0.981970913676
1381 0.981978953722
1382 0.981995069539
1383 0.982002118255
1384 0.982008966025
1385 0.982016166567
1386 0.982023331385
1387 0.982030232741
1388 0.982037254664
1389 0.982044053315
1390 0.982050845268
1391 0.982057565773
1392 0.982073782062
1393 0.982079908662
1394 0.98208660684
1395 0.982094749592
1396 0.982100909683
1397 0.982107648051
1398 0.982114643181
1399 0.982121828094
1400 0.982127997116
1401 0.982134190698
1402 0.982141920395
1403 0.982149105308
1404 0.982156558147
1405 0.982162905787
1406 0.982168998896
1407 0.982175424682
1408 0.982181986664
1409 0.982187827475
1410 0.982194556911
1411 0.982200587504
1412 0.982211793556
1413 0.982218308651
1414 0.9822252368
1415 0.982230988302
1416 0.982238990392
1417 0.982245103596
1418 0.982251384254
1419 0.982257707334
1420 0.982264577432
1421 0.982271277843
1422 0.98228072674
1423 0.982286797522
1424 0.982293687714
1425 0.982308932768
1426 0.982315258081
1427 0.982322887306
1428 0.982329025069
1429 0.982335232048
1430 0.982342841178
1431 0.982349939014
1432 0.982358148748
1433 0.982365331427
1434 0.982372072027
1435 0.982377754315
1436 0.982383590661
1437 0.982391666431
1438 0.982398266369
1439 0.982403991079
1440 0.982412062383
1441 0.9824308731
1442 0.982444794147
1443 0.982451679874
1444 0.982458101194
1445 0.982464480092
1446 0.982470984023
1447 0.982477813932
1448 0.982484567928
1449 0.982490578427
1450 0.982497278838
1451 0.982503416602
1452 0.982510277769
1453 0.982515721155
1454 0.982521213661
1455 0.982526648116
1456 0.982533348527
1457 0.982540636145
1458 0.982547088723
1459 0.982555885663
1460 0.982567703482
1461 0.982573242876
1462 0.98257990533
1463 0.982585978345
1464 0.98259228133
1465 0.982598186891
1466 0.982604802458
1467 0.982611543058
1468 0.982617870603
1469 0.98262393692
1470 0.982630159528
1471 0.98263583735
1472 0.982663666047
1473 0.982669857396
1474 0.982676564505
1475 0.982682184277
1476 0.982688721699
1477 0.982694620561
1478 0.982700532819
1479 0.982707440874
1480 0.982713239263
1481 0.982719401587
1482 0.9827257269
1483 0.982731494031
1484 0.982737607235
1485 0.98274355745
1486 0.982749480872
1487 0.982755203349
1488 0.982761539825
1489 0.982768751531
1490 0.98277430432
1491 0.982782105465
1492 0.982788633956
1493 0.982794349734
1494 0.982800163753
1495 0.98280625463
1496 0.982812202612
1497 0.982817880434
1498 0.982823442155
1499 0.982828715854
1500 1.0
