# Pkt size CDF:
#	./imc/univ2_pt0.parsed
#	 ./imc/univ2_pt1.parsed
#	 ./imc/univ2_pt2.parsed
#	 ./imc/univ2_pt3.parsed
#	 ./imc/univ2_pt4.parsed
#	 ./imc/univ2_pt5.parsed
#	 ./imc/univ2_pt6.parsed
#	 ./imc/univ2_pt7.parsed
#	 ./imc/univ2_pt8.parsed
#
# Evaluated over 98817286 pkts
#
# key rate per 1000000 pkts:
# key_const: 1.0 (avg) 1 (99th) 1 (median) 1 (max) 101 (num_samples)
# key_ipdst: 900.316831683 (avg) 1260 (99th) 898 (median) 1316 (max) 101 (num_samples)
# key_ipsrc_ipdst: 6296.76237624 (avg) 8945 (99th) 6144 (median) 8992 (max) 101 (num_samples)
# key_ipdst16: 20.5643564356 (avg) 29 (99th) 20 (median) 35 (max) 101 (num_samples)
# key_5tuple: 7667.41584158 (avg) 13284 (99th) 7498 (median) 14996 (max) 101 (num_samples)
#
# bytes -> fraction
30   1.21436243452e-07
32   1.72034678224e-07
33   2.52992173859e-06
36   1.19412306062e-06
40   1.85898649352e-05
41   2.93470921677e-07
44   0.000209821589312
46   6.07181217262e-08
47   8.09574956349e-08
48   0.00446156758444
49   1.11316556498e-07
50   6.67899338988e-07
51   1.0413157876e-05
52   0.00032877850946
53   5.37355377277e-06
54   2.42872486905e-07
55   1.07167484847e-05
56   0.0019610840152
57   9.61370260665e-07
58   3.07638483413e-06
59   8.29814330258e-07
60   0.00266326885359
61   2.35788706037e-06
62   1.51795304315e-05
63   2.06745204478e-05
64   0.00164020898125
65   2.17067285171e-05
66   5.89572961961e-05
67   1.15971612497e-05
68   0.000339171427963
69   5.99085467698e-06
70   2.91446984286e-06
71   1.86505830569e-05
72   0.0457797636741
73   2.31336043777e-05
74   4.86756942505e-06
75   2.69183672986e-06
76   0.00203874249289
77   2.34776737341e-06
78   0.000124087601434
79   1.73552631267e-05
80   0.00480013183119
81   1.49771366925e-06
82   1.31555930407e-06
83   7.58976521577e-07
84   0.000303388214892
85   5.76822156399e-07
86   2.38824612123e-06
87   8.09574956349e-07
88   0.00897380444146
89   6.44624058993e-06
90   7.58976521577e-07
91   1.2852002432e-06
92   0.000380277596371
93   0.198620472131
94   0.0601536354682
95   0.0441047227304
96   0.0110606255671
97   0.0178843608395
98   0.00434844972366
99   0.0113244255666
100  0.00293329246059
101  0.00867379620201
102  0.00203165871202
103  0.00622653206646
104  0.00209312569058
105  0.00415550777219
106  0.00114927260803
107  0.00300070981508
108  0.000710584178562
109  0.00201523446009
110  0.000548254280127
111  0.00114888805993
112  0.000725460118385
113  0.000972410839132
114  0.000240676514836
115  0.000587113878031
116  0.000461983948841
117  0.000408228171739
118  0.000101733212952
119  0.000447654472113
120  0.000354138444968
121  0.000255511975911
122  0.000208890578112
123  0.000206755324165
124  0.000314337716176
125  0.000178278525075
126  2.30324075081e-05
127  2.36395887254e-05
128  0.000346670115996
129  1.43395964143e-05
130  2.22633112996e-06
131  1.54122832315e-05
132  9.02271288851e-05
133  4.92828754678e-06
134  0.000138022410371
135  1.81142396483e-06
136  0.000122731563383
137  3.55201012098e-06
138  2.97316402719e-05
139  4.13895196434e-06
140  4.82911461462e-05
141  5.86739449614e-05
142  2.74445910202e-05
143  2.67159735595e-06
144  7.59178915316e-05
145  5.65690500749e-06
146  6.04145311176e-06
147  3.7038054253e-06
148  7.03520637067e-05
149  3.61272824271e-06
150  4.62469693815e-06
151  2.87399109504e-06
152  1.78207687266e-05
153  3.97703697307e-06
154  2.84363203418e-06
155  4.5235000686e-06
156  4.71577412073e-05
157  2.04417676478e-06
158  8.25766455476e-06
159  3.65320699053e-06
160  1.79826837179e-05
161  7.55940615491e-06
162  3.47105262535e-06
163  5.31283565104e-06
164  0.00406953091183
165  1.76082553006e-06
166  1.4633067336e-05
167  1.83166333874e-06
168  9.42142855451e-06
169  2.62099892118e-06
170  1.85190271265e-06
171  1.68998772138e-06
172  7.88323613745e-06
173  1.30543961711e-06
174  9.91729321528e-07
175  1.30543961711e-06
176  0.0479600401088
177  1.62926959965e-06
178  2.31740831255e-06
179  2.44896424296e-06
180  6.08193185957e-06
181  2.17573269519e-06
182  1.94297989524e-06
183  1.5078333562e-06
184  0.000437393109542
185  1.79118459092e-06
186  1.82154365179e-06
187  2.33764768646e-06
188  8.51065672862e-06
189  3.77464323398e-06
190  1.04637563108e-05
191  4.33122601647e-06
192  3.47914837491e-05
193  1.49973760664e-05
194  1.93184823959e-05
195  1.76183749876e-05
196  0.0001407142471
197  0.000297033051485
198  7.94193032179e-05
199  2.31943224994e-05
200  0.000311939350368
201  2.50462252121e-05
202  2.42771290035e-05
203  1.47545035795e-05
204  2.00673392305e-05
205  5.69738375531e-06
206  6.43612090298e-06
207  4.9890056685e-06
208  3.50647152969e-05
209  5.90989718135e-06
210  6.39564215516e-06
211  4.86756942505e-06
212  1.14554856323e-05
213  4.26038820779e-06
214  5.100322225e-06
215  8.36898111126e-06
216  1.2852002432e-05
217  4.90804817287e-06
218  7.0736611811e-06
219  4.70565443378e-06
220  4.67529537292e-06
221  5.47475064231e-06
222  1.37627742579e-05
223  1.21031455974e-05
224  6.09508745261e-05
225  2.24758247256e-05
226  2.7727942255e-06
227  1.01804050761e-05
228  1.74058615615e-06
229  2.41152140123e-05
230  1.25484118234e-06
231  2.76267453854e-06
232  0.000256604902102
233  2.68171704291e-06
234  3.29901794712e-06
235  2.67159735595e-06
236  4.59636181467e-05
237  1.67986803442e-06
238  8.72317015466e-06
239  1.02208838239e-06
240  6.45636027689e-06
241  1.68998772138e-06
242  1.53819241706e-06
243  1.5078333562e-06
244  1.00893278935e-05
245  7.4278502245e-06
246  2.26680987778e-06
247  3.45384915752e-05
248  0.000645069325219
249  5.63666563358e-06
250  6.14568588739e-05
251  1.94297989524e-06
252  3.52165106012e-06
253  1.31555930407e-06
254  2.11501457346e-06
255  1.16376399975e-06
256  1.62724566226e-05
257  3.53177074707e-06
258  1.70010740833e-06
259  1.03220806935e-06
260  3.68255408269e-05
261  9.81609634573e-07
262  1.14352462584e-06
263  1.09292619107e-06
264  5.88965780744e-06
265  8.90532451984e-07
266  8.8041276503e-07
267  8.90532451984e-07
268  4.07823384261e-06
269  1.05244744325e-06
270  1.27508055625e-06
271  1.67986803442e-06
272  0.00135212173303
273  1.80130427788e-06
274  1.88226177351e-06
275  8.8041276503e-07
276  2.98530765154e-06
277  1.44913917187e-05
278  1.6191499127e-06
279  1.06256713021e-06
280  3.60260855575e-05
281  9.61370260665e-07
282  8.19694643304e-07
283  1.07268681716e-06
284  2.97518796458e-06
285  1.53819241706e-06
286  4.62469693815e-06
287  2.54004142555e-06
288  8.85472608507e-06
289  1.20424274757e-06
290  2.06441613869e-06
291  1.38639711275e-06
292  6.58791620729e-06
293  1.01196869544e-06
294  1.06256713021e-06
295  7.99455269395e-07
296  4.48302132078e-06
297  1.37627742579e-06
298  1.47747429534e-06
299  1.65962866052e-06
300  6.90162650288e-06
301  1.19412306062e-06
302  1.48759398229e-06
303  1.10304587803e-06
304  5.49600198492e-05
305  1.91262083438e-06
306  1.48759398229e-06
307  2.57040048641e-06
308  2.78291391245e-06
309  1.0423277563e-06
310  1.34591836493e-06
311  1.94297989524e-06
312  3.39009512971e-06
313  2.24657050387e-06
314  1.66974834747e-06
315  1.1536443128e-06
316  3.05614546022e-06
317  1.55843179097e-06
318  8.60173391121e-07
319  1.91262083438e-06
320  0.000298662321084
321  1.37627742579e-06
322  2.02393739087e-06
323  1.48759398229e-06
324  3.54189043403e-06
325  1.43699554752e-06
326  1.52807273011e-06
327  2.84059612809e-05
328  0.000949570705676
329  1.65962866052e-06
330  1.8620223996e-06
331  1.80130427788e-06
332  2.76267453854e-06
333  1.63938928661e-06
334  1.00184900848e-06
335  8.0046723809e-06
336  2.88411078199e-06
337  1.7304664692e-06
338  1.38639711275e-06
339  1.23460180843e-06
340  2.05834432652e-05
341  1.33579867798e-06
342  1.87214208656e-06
343  0.00014679617896
344  3.68255408269e-05
345  1.49771366925e-06
346  1.95309958219e-06
347  1.24472149539e-06
348  1.83166333874e-06
349  8.39934017212e-07
350  1.12328525193e-06
351  0.000235019609828
352  5.26223721627e-06
353  1.19412306062e-06
354  6.88138712897e-07
355  1.53819241706e-06
356  1.72034678224e-06
357  7.99455269395e-07
358  1.63938928661e-06
359  5.08008285109e-06
360  9.54792464144e-05
361  1.0423277563e-06
362  1.14352462584e-06
363  1.0423277563e-06
364  1.62926959965e-06
365  1.0423277563e-06
366  1.23460180843e-06
367  1.26698480669e-05
368  7.76382383139e-05
369  1.83166333874e-06
370  9.91729321528e-07
371  1.80130427788e-06
372  2.45908392991e-06
373  1.2649608693e-06
374  1.64950897356e-06
375  8.09574956349e-07
376  1.95613548828e-05
377  1.59891053879e-06
378  7.28617460714e-07
379  1.16376399975e-06
380  1.42687586057e-06
381  1.82154365179e-06
382  1.2649608693e-06
383  1.65962866052e-06
384  5.69738375531e-06
385  7.58976521577e-07
386  1.81142396483e-06
387  2.438844556e-06
388  8.71305046771e-06
389  1.27508055625e-06
390  1.20424274757e-06
391  1.2852002432e-06
392  3.5924888688e-06
393  1.00184900848e-06
394  1.31555930407e-06
395  1.5078333562e-06
396  1.21436243452e-06
397  1.31555930407e-06
398  3.65320699053e-06
399  9.31011199802e-07
400  4.34134570342e-06
401  1.06256713021e-06
402  7.89335582441e-07
403  1.08280650412e-06
404  1.05244744325e-06
405  1.23460180843e-06
406  1.22448212148e-06
407  1.64950897356e-06
408  4.48302132078e-06
409  9.09759857197e-06
410  1.60903022574e-06
411  7.1849777376e-07
412  3.22818013844e-06
413  7.99455269395e-07
414  8.90532451984e-07
415  7.28617460714e-07
416  3.31925732103e-06
417  1.2852002432e-06
418  1.13340493889e-06
419  9.10771825893e-07
420  1.43699554752e-06
421  9.41130886756e-07
422  1.51795304315e-06
423  5.26223721627e-07
424  8.78591221378e-05
425  1.60903022574e-06
426  5.5658278249e-07
427  1.14352462584e-06
428  1.25484118234e-06
429  7.69096208532e-07
430  1.17388368671e-06
431  1.27508055625e-06
432  1.8852976796e-05
433  2.91446984286e-06
434  4.25026852083e-06
435  1.45723492143e-06
436  3.08650452108e-06
437  1.14352462584e-06
438  1.25484118234e-06
439  1.17388368671e-06
440  3.50141168621e-06
441  3.02578639936e-06
442  7.89335582441e-07
443  1.37627742579e-06
444  1.36615773884e-06
445  7.28617460714e-07
446  7.08378086806e-07
447  9.71489947619e-07
448  4.31098664256e-06
449  1.69201165877e-05
450  9.20891512847e-07
451  9.00652138939e-07
452  2.39836580818e-06
453  8.60173391121e-07
454  9.5125057371e-07
455  9.5125057371e-07
456  2.18585238214e-06
457  7.539166781e-06
458  9.91729321528e-07
459  1.03220806935e-06
460  9.07432329198e-05
461  1.07268681716e-06
462  1.71022709529e-06
463  2.17573269519e-06
464  8.53089610253e-06
465  2.63111860814e-06
466  1.92274052133e-06
467  1.98345864306e-06
468  1.4410434223e-05
469  9.00652138939e-07
470  9.81609634573e-07
471  1.31555930407e-06
472  1.03827988152e-05
473  1.27508055625e-06
474  1.45723492143e-06
475  6.88138712897e-07
476  9.91729321528e-07
477  7.89335582441e-07
478  8.70293078075e-07
479  5.46463095536e-07
480  4.37170476429e-06
481  8.8041276503e-07
482  9.5125057371e-07
483  2.17573269519e-06
484  1.05244744325e-06
485  1.63938928661e-06
486  1.64950897356e-06
487  1.11316556498e-06
488  3.02781033675e-05
489  8.90532451984e-07
490  6.47659965079e-07
491  3.72404479921e-06
492  9.31011199802e-07
493  1.51795304315e-06
494  1.98345864306e-06
495  1.12328525193e-06
496  0.00131015539123
497  7.58976521577e-07
498  5.46463095536e-07
499  1.38639711275e-06
500  1.20424274757e-06
501  1.2852002432e-05
502  8.19694643304e-07
503  9.41130886756e-07
504  3.56212980794e-06
505  8.29814330258e-07
506  9.31011199802e-07
507  8.50053704167e-07
508  1.99357833001e-06
509  1.40663648666e-06
510  1.51795304315e-06
511  1.60903022574e-06
512  5.71762312922e-06
513  1.89238146047e-06
514  8.09574956349e-07
515  1.32567899102e-06
516  5.63666563358e-06
517  1.5078333562e-06
518  1.5078333562e-06
519  1.08280650412e-06
520  3.84548104266e-06
521  1.62926959965e-06
522  1.06256713021e-06
523  1.01196869544e-06
524  9.0480121059e-05
525  7.38737147669e-07
526  2.85375172113e-06
527  7.08378086806e-07
528  3.06626514717e-06
529  6.07181217262e-07
530  8.19694643304e-07
531  8.29814330258e-07
532  2.60075954727e-06
533  1.34591836493e-06
534  2.09477519955e-06
535  1.91262083438e-06
536  2.46313180469e-05
537  1.82154365179e-06
538  2.36800674732e-06
539  1.53819241706e-06
540  2.67159735595e-06
541  3.26865888626e-06
542  3.31925732103e-06
543  4.88780879896e-06
544  5.60630657272e-06
545  4.33122601647e-06
546  5.01936472937e-06
547  7.73144083314e-06
548  7.99455269395e-06
549  7.14449898978e-06
550  9.32023168497e-06
551  8.82436702421e-06
552  1.11923737715e-05
553  1.11518950237e-05
554  1.12429722063e-05
555  1.25484118234e-05
556  1.35097820841e-05
557  1.2639489006e-05
558  1.3965167997e-05
559  1.48455807621e-05
560  1.68796378399e-05
561  1.63736534922e-05
562  1.74463403093e-05
563  2.75154288289e-05
564  1.69403559616e-05
565  2.35383918559e-05
566  7.12830749066e-05
567  2.25061837865e-05
568  7.72941689574e-05
569  8.24046108694e-05
570  1.53414454228e-05
571  1.79219655962e-05
572  0.000107632990447
573  2.33967162385e-05
574  1.7749930918e-05
575  1.65456881704e-05
576  0.000108068136986
577  1.40056467448e-05
578  0.000154477021358
579  1.51694107446e-05
580  1.84279499439e-05
581  1.68998772138e-05
582  1.40866042405e-05
583  1.57563525879e-05
584  1.62825763096e-05
585  1.36008592667e-05
586  1.39044498753e-05
587  1.2416855893e-05
588  1.15060840671e-05
589  2.09072732477e-05
590  1.18197943627e-05
591  1.13239297019e-05
592  1.34794230232e-05
593  9.37083011974e-06
594  1.23460180843e-05
595  9.19879544152e-06
596  1.03220806935e-05
597  9.48214667624e-06
598  1.00286097718e-05
599  1.04637563108e-05
600  1.01601657022e-05
601  9.61370260665e-06
602  8.27790392867e-06
603  7.83263770268e-06
604  8.40945985908e-06
605  9.65418135446e-06
606  6.92186587679e-06
607  9.60358291969e-06
608  9.79585697183e-06
609  8.31838267649e-06
610  2.34473146733e-05
611  7.24569585933e-06
612  8.26778424172e-06
613  5.93013655526e-06
614  5.48487032927e-06
615  5.100322225e-06
616  6.55755714643e-06
617  5.47475064231e-06
618  6.47659965079e-06
619  3.92643853829e-06
620  3.98715666002e-06
621  3.93655822525e-06
622  3.73416448616e-06
623  2.98530765154e-06
624  4.10859290347e-06
625  3.24841951235e-06
626  3.2382998254e-06
627  2.46920361687e-06
628  2.72219579072e-06
629  3.08650452108e-06
630  1.81142396483e-06
631  2.78291391245e-06
632  9.80597665878e-06
633  1.85190271265e-06
634  1.63938928661e-06
635  2.12513426042e-06
636  2.68171704291e-06
637  1.3965167997e-06
638  4.7461331816e-06
639  1.7304664692e-06
640  3.89607947743e-06
641  2.39836580818e-06
642  1.72034678224e-06
643  1.71022709529e-06
644  2.9043501559e-06
645  2.54004142555e-06
646  2.23645081691e-06
647  2.28704925169e-06
648  4.5235000686e-06
649  2.50968236468e-06
650  2.09477519955e-06
651  1.52807273011e-06
652  1.94297989524e-06
653  1.31555930407e-06
654  2.3072886256e-06
655  1.36615773884e-06
656  4.17943071215e-06
657  1.1536443128e-06
658  2.00369801696e-06
659  1.40663648666e-06
660  2.11501457346e-06
661  1.41675617361e-06
662  1.31555930407e-06
663  1.54831210402e-06
664  2.09983504303e-05
665  1.75070584311e-06
666  1.65962866052e-06
667  9.31011199802e-07
668  9.81609634573e-07
669  1.74058615615e-06
670  1.48759398229e-06
671  8.8041276503e-07
672  1.10000997194e-05
673  1.23460180843e-06
674  1.13340493889e-06
675  1.30543961711e-06
676  3.55201012098e-06
677  1.07268681716e-06
678  8.09574956349e-07
679  1.68998772138e-06
680  2.28704925169e-06
681  1.74058615615e-06
682  1.36615773884e-06
683  9.61370260665e-07
684  1.12834509541e-05
685  9.61370260665e-07
686  7.48856834623e-07
687  7.69096208532e-07
688  3.72404479921e-06
689  7.79215895486e-07
690  1.49771366925e-06
691  1.11316556498e-06
692  1.01196869544e-06
693  1.0423277563e-06
694  1.2852002432e-06
695  1.0423277563e-06
696  6.7194721377e-06
697  9.5125057371e-07
698  9.20891512847e-07
699  7.48856834623e-07
700  1.44711523447e-06
701  1.53819241706e-06
702  7.79215895486e-07
703  6.17300904216e-07
704  2.76267453854e-06
705  8.8041276503e-07
706  9.61370260665e-07
707  7.99455269395e-07
708  1.46735460838e-06
709  1.12328525193e-06
710  1.02208838239e-06
711  8.39934017212e-07
712  2.02393739087e-06
713  1.0423277563e-06
714  1.27508055625e-06
715  6.98258399851e-07
716  1.32567899102e-05
717  1.24472149539e-06
718  6.67899338988e-07
719  9.5125057371e-07
720  3.43057387753e-06
721  8.8041276503e-07
722  9.81609634573e-07
723  1.24472149539e-06
724  1.8620223996e-06
725  1.07268681716e-06
726  1.60903022574e-06
727  5.16104034673e-07
728  3.57224949489e-06
729  1.0423277563e-06
730  1.54831210402e-06
731  1.01196869544e-06
732  8.8041276503e-07
733  1.06256713021e-06
734  1.09292619107e-06
735  8.19694643304e-07
736  2.44896424296e-06
737  1.02208838239e-06
738  8.8041276503e-07
739  9.81609634573e-07
740  8.90532451984e-07
741  1.32567899102e-06
742  7.69096208532e-07
743  1.37627742579e-06
744  2.27692956473e-06
745  1.19412306062e-06
746  8.19694643304e-07
747  6.57779652034e-07
748  1.30543961711e-06
749  5.5658278249e-07
750  7.69096208532e-07
751  6.37540278125e-07
752  3.55201012098e-06
753  7.1849777376e-07
754  2.10489488651e-06
755  1.13340493889e-06
756  9.41130886756e-07
757  1.06256713021e-06
758  9.81609634573e-07
759  5.05984347718e-07
760  1.28418827451e-05
761  1.0423277563e-06
762  1.19412306062e-06
763  7.1849777376e-07
764  7.99455269395e-07
765  1.23460180843e-06
766  5.36343408581e-07
767  1.00184900848e-06
768  2.3072886256e-06
769  6.98258399851e-07
770  1.38639711275e-06
771  8.50053704167e-07
772  1.31555930407e-06
773  9.91729321528e-07
774  7.08378086806e-07
775  7.1849777376e-07
776  3.21806045149e-06
777  1.09292619107e-06
778  1.35603805188e-06
779  1.01196869544e-06
780  8.09574956349e-07
781  9.20891512847e-07
782  1.0423277563e-06
783  9.61370260665e-07
784  3.63296761662e-06
785  7.28617460714e-07
786  7.38737147669e-07
787  1.19412306062e-06
788  8.39934017212e-07
789  9.10771825893e-07
790  1.05244744325e-06
791  8.60173391121e-07
792  2.28704925169e-06
793  6.07181217262e-07
794  1.14352462584e-06
795  1.00184900848e-06
796  1.2649608693e-06
797  1.14352462584e-06
798  6.78019025942e-07
799  8.29814330258e-07
800  3.18770139063e-06
801  8.19694643304e-07
802  1.13340493889e-06
803  9.20891512847e-07
804  8.70293078075e-07
805  6.07181217262e-07
806  6.07181217262e-07
807  9.61370260665e-07
808  2.59063986032e-06
809  1.21436243452e-06
810  8.60173391121e-07
811  8.8041276503e-07
812  1.6191499127e-06
813  9.20891512847e-07
814  1.07268681716e-06
815  6.88138712897e-07
816  0.000397481064194
817  9.20891512847e-07
818  8.09574956349e-07
819  8.8041276503e-07
820  1.34591836493e-06
821  1.0423277563e-06
822  6.88138712897e-07
823  9.71489947619e-07
824  2.23645081691e-06
825  8.19694643304e-07
826  7.28617460714e-07
827  6.37540278125e-07
828  6.78019025942e-07
829  7.28617460714e-07
830  5.66702469444e-07
831  8.19694643304e-07
832  1.42687586057e-06
833  1.21436243452e-06
834  6.88138712897e-07
835  3.44069356448e-07
836  5.28247659018e-06
837  1.0423277563e-06
838  1.00184900848e-06
839  9.10771825893e-07
840  4.34134570342e-05
841  5.26223721627e-07
842  1.08280650412e-06
843  1.31555930407e-06
844  5.24199784236e-06
845  5.86941843353e-07
846  7.38737147669e-07
847  5.5658278249e-07
848  2.88411078199e-06
849  1.42687586057e-06
850  6.27420591171e-07
851  1.00184900848e-06
852  6.57779652034e-07
853  9.5125057371e-07
854  1.27508055625e-06
855  4.95864660764e-07
856  7.761799894e-06
857  6.47659965079e-07
858  1.48759398229e-06
859  1.1536443128e-06
860  1.03220806935e-06
861  1.85190271265e-06
862  7.69096208532e-07
863  9.10771825893e-07
864  4.37170476429e-06
865  5.5658278249e-07
866  7.99455269395e-07
867  8.60173391121e-07
868  8.29814330258e-07
869  1.03220806935e-06
870  5.97061530308e-07
871  7.48856834623e-07
872  3.47105262535e-06
873  8.8041276503e-07
874  8.09574956349e-07
875  1.07268681716e-06
876  8.70293078075e-07
877  1.23460180843e-06
878  9.71489947619e-07
879  6.07181217262e-07
880  3.42045419058e-06
881  8.70293078075e-07
882  1.16376399975e-06
883  8.8041276503e-07
884  1.2649608693e-06
885  4.55385912946e-07
886  8.70293078075e-07
887  8.09574956349e-07
888  1.56855147793e-06
889  9.61370260665e-07
890  6.98258399851e-07
891  5.76822156399e-07
892  8.60173391121e-07
893  1.02208838239e-06
894  1.16376399975e-06
895  1.10304587803e-06
896  4.83721036419e-06
897  5.16104034673e-07
898  1.25484118234e-06
899  1.53819241706e-06
900  8.70293078075e-07
901  5.76822156399e-07
902  7.79215895486e-07
903  8.39934017212e-07
904  4.1693110252e-06
905  6.47659965079e-07
906  1.06256713021e-06
907  5.31283565104e-06
908  6.27420591171e-07
909  5.5658278249e-07
910  5.97061530308e-07
911  9.41130886756e-07
912  5.67815635009e-05
913  8.8041276503e-07
914  7.08378086806e-07
915  5.76822156399e-07
916  1.48759398229e-06
917  1.44711523447e-06
918  5.26223721627e-07
919  7.1849777376e-07
920  0.00038130980444
921  5.86941843353e-07
922  8.70293078075e-07
923  8.39934017212e-07
924  1.02208838239e-06
925  4.55385912946e-07
926  4.56397881642e-06
927  5.05984347718e-07
928  3.67344636443e-06
929  6.98258399851e-07
930  5.97061530308e-07
931  6.98258399851e-07
932  8.70293078075e-07
933  5.86941843353e-07
934  6.27420591171e-07
935  1.2852002432e-06
936  2.33764768646e-06
937  1.02208838239e-06
938  7.38737147669e-07
939  6.88138712897e-07
940  1.11316556498e-06
941  1.2649608693e-06
942  1.02208838239e-06
943  9.10771825893e-07
944  2.7727942255e-06
945  4.25026852083e-07
946  6.98258399851e-07
947  1.0423277563e-06
948  7.79215895486e-07
949  6.47659965079e-07
950  1.31555930407e-06
951  4.55385912946e-07
952  6.00097436394e-06
953  1.38639711275e-06
954  7.28617460714e-07
955  9.71489947619e-07
956  1.09292619107e-06
957  1.41675617361e-06
958  7.89335582441e-07
959  9.31011199802e-07
960  3.51153137316e-06
961  1.59891053879e-06
962  6.27420591171e-07
963  5.66702469444e-07
964  5.76822156399e-07
965  5.36343408581e-07
966  5.66702469444e-07
967  5.86941843353e-07
968  5.2116387815e-06
969  4.8574497381e-07
970  9.5125057371e-07
971  7.08378086806e-07
972  1.13340493889e-06
973  9.20891512847e-07
974  1.20424274757e-06
975  6.07181217262e-07
976  3.68356605139e-06
977  7.1849777376e-07
978  9.91729321528e-07
979  6.07181217262e-07
980  9.31011199802e-07
981  6.27420591171e-07
982  6.67899338988e-07
983  6.37540278125e-07
984  0.00172252251494
985  1.0423277563e-06
986  8.39934017212e-07
987  7.89335582441e-07
988  4.35146539038e-07
989  5.16104034673e-07
990  3.74428417312e-07
991  5.46463095536e-07
992  4.34134570342e-06
993  4.65505599901e-07
994  6.07181217262e-07
995  5.46463095536e-07
996  6.07181217262e-07
997  6.47659965079e-07
998  5.26223721627e-07
999  8.19694643304e-07
1000 7.96419363309e-06
1001 6.37540278125e-07
1002 1.19412306062e-06
1003 1.6191499127e-06
1004 1.48759398229e-06
1005 9.10771825893e-07
1006 1.33579867798e-06
1007 1.17388368671e-06
1008 4.25026852083e-06
1009 1.02208838239e-06
1010 7.08378086806e-07
1011 6.37540278125e-07
1012 2.06441613869e-06
1013 1.83166333874e-06
1014 7.89335582441e-07
1015 5.86941843353e-07
1016 4.60445756424e-06
1017 1.37627742579e-06
1018 5.36343408581e-07
1019 8.60173391121e-07
1020 1.09292619107e-06
1021 7.08378086806e-07
1022 9.81609634573e-07
1023 6.88138712897e-07
1024 1.2852002432e-06
1025 4.35146539038e-07
1026 8.19694643304e-07
1027 5.97061530308e-07
1028 1.96321926915e-06
1029 5.76822156399e-07
1030 1.56855147793e-06
1031 5.26223721627e-07
1032 2.70195641682e-06
1033 1.36615773884e-06
1034 9.41130886756e-07
1035 8.19694643304e-07
1036 7.48856834623e-07
1037 5.5658278249e-07
1038 9.00652138939e-07
1039 7.89335582441e-07
1040 8.65233234598e-06
1041 7.38737147669e-07
1042 6.78019025942e-07
1043 7.28617460714e-07
1044 2.88411078199e-06
1045 4.95864660764e-07
1046 4.25026852083e-07
1047 6.88138712897e-07
1048 4.93840723373e-06
1049 1.06256713021e-06
1050 6.67899338988e-07
1051 8.09574956349e-07
1052 8.60173391121e-07
1053 5.97061530308e-07
1054 1.06256713021e-06
1055 6.47659965079e-07
1056 3.3698557558e-06
1057 8.90532451984e-07
1058 1.18400337366e-06
1059 5.97061530308e-07
1060 9.5125057371e-07
1061 5.76822156399e-07
1062 9.31011199802e-07
1063 6.67899338988e-07
1064 1.95309958219e-06
1065 1.06256713021e-06
1066 6.47659965079e-07
1067 6.57779652034e-07
1068 6.98258399851e-07
1069 9.91729321528e-07
1070 9.10771825893e-07
1071 6.88138712897e-07
1072 6.30456497257e-06
1073 6.07181217262e-07
1074 7.79215895486e-07
1075 6.67899338988e-07
1076 1.44711523447e-06
1077 8.70293078075e-07
1078 6.88138712897e-07
1079 3.64308730357e-07
1080 3.8353613557e-06
1081 7.99455269395e-07
1082 5.36343408581e-07
1083 9.00652138939e-07
1084 1.21436243452e-06
1085 5.5658278249e-07
1086 9.00652138939e-07
1087 8.29814330258e-07
1088 2.65135798204e-06
1089 7.89335582441e-07
1090 8.19694643304e-07
1091 6.78019025942e-07
1092 5.68726406835e-06
1093 8.39934017212e-07
1094 8.19694643304e-07
1095 6.47659965079e-07
1096 3.15430642368e-05
1097 5.05984347718e-07
1098 4.8574497381e-07
1099 8.8041276503e-07
1100 1.75070584311e-06
1101 5.05984347718e-07
1102 5.76822156399e-07
1103 9.00652138939e-07
1104 0.00162063750668
1105 1.11316556498e-06
1106 1.58879085184e-06
1107 7.69096208532e-07
1108 7.69096208532e-07
1109 6.67899338988e-07
1110 7.28617460714e-07
1111 7.1849777376e-07
1112 1.64242519269e-05
1113 6.88138712897e-07
1114 7.58976521577e-07
1115 8.39934017212e-07
1116 7.89335582441e-07
1117 5.26223721627e-07
1118 1.08280650412e-06
1119 6.78019025942e-07
1120 2.00369801696e-06
1121 1.05244744325e-06
1122 6.47659965079e-07
1123 7.69096208532e-07
1124 1.37627742579e-06
1125 6.57779652034e-07
1126 9.91729321528e-07
1127 3.74428417312e-07
1128 2.22633112996e-06
1129 6.17300904216e-07
1130 5.5658278249e-07
1131 5.46463095536e-07
1132 1.08280650412e-06
1133 6.47659965079e-07
1134 9.41130886756e-07
1135 8.60173391121e-07
1136 2.54004142555e-06
1137 1.01196869544e-06
1138 9.81609634573e-07
1139 1.41675617361e-06
1140 1.31555930407e-06
1141 7.99455269395e-07
1142 1.46735460838e-06
1143 7.99455269395e-07
1144 6.28432559866e-06
1145 1.09292619107e-06
1146 9.5125057371e-07
1147 8.39934017212e-07
1148 1.44711523447e-06
1149 6.47659965079e-07
1150 8.29814330258e-07
1151 7.48856834623e-07
1152 4.81697099028e-06
1153 1.18400337366e-06
1154 1.34591836493e-06
1155 1.76082553006e-06
1156 8.60173391121e-07
1157 5.97061530308e-07
1158 7.89335582441e-07
1159 6.07181217262e-07
1160 4.67529537292e-06
1161 8.39934017212e-07
1162 1.24472149539e-06
1163 1.31555930407e-06
1164 1.36615773884e-06
1165 1.05244744325e-06
1166 6.57779652034e-07
1167 8.19694643304e-07
1168 1.04839956847e-05
1169 9.61370260665e-07
1170 9.10771825893e-07
1171 1.32567899102e-06
1172 9.61370260665e-07
1173 5.76822156399e-07
1174 6.07181217262e-07
1175 7.08378086806e-07
1176 6.59803589425e-06
1177 6.07181217262e-07
1178 6.17300904216e-07
1179 9.71489947619e-07
1180 1.21436243452e-06
1181 9.00652138939e-07
1182 1.68998772138e-06
1183 7.38737147669e-07
1184 3.60260855575e-06
1185 8.39934017212e-07
1186 7.79215895486e-07
1187 7.1849777376e-07
1188 7.48856834623e-07
1189 9.31011199802e-07
1190 7.08378086806e-07
1191 8.50053704167e-07
1192 1.77094521701e-06
1193 7.08378086806e-07
1194 7.89335582441e-07
1195 4.25026852083e-07
1196 1.18400337366e-06
1197 6.57779652034e-07
1198 9.00652138939e-07
1199 6.57779652034e-07
1200 1.52807273011e-06
1201 7.79215895486e-07
1202 3.9466779122e-07
1203 6.78019025942e-07
1204 9.10771825893e-07
1205 1.00184900848e-06
1206 3.84548104266e-07
1207 1.34591836493e-06
1208 1.74058615615e-06
1209 8.09574956349e-07
1210 9.81609634573e-07
1211 5.322955338e-06
1212 1.35603805188e-06
1213 6.27420591171e-07
1214 7.79215895486e-07
1215 2.52992173859e-07
1216 1.30240371103e-05
1217 1.35603805188e-06
1218 1.24472149539e-06
1219 6.47659965079e-07
1220 1.43699554752e-06
1221 4.65505599901e-07
1222 1.23460180843e-06
1223 4.45266225992e-07
1224 2.3275279995e-06
1225 4.8574497381e-07
1226 4.95864660764e-07
1227 5.05984347718e-07
1228 1.12328525193e-06
1229 1.67278425356e-05
1230 8.09574956349e-07
1231 6.67899338988e-07
1232 2.61087923423e-06
1233 5.16104034673e-07
1234 8.29814330258e-07
1235 1.30543961711e-06
1236 7.38737147669e-07
1237 1.01196869544e-06
1238 9.91729321528e-07
1239 7.99455269395e-07
1240 4.44254257297e-06
1241 5.5658278249e-07
1242 8.29814330258e-07
1243 1.12328525193e-06
1244 8.70293078075e-07
1245 1.03220806935e-06
1246 5.76822156399e-07
1247 7.58976521577e-07
1248 2.1959720691e-06
1249 4.14907165129e-07
1250 6.78019025942e-07
1251 5.86941843353e-07
1252 5.76822156399e-07
1253 5.86941843353e-07
1254 1.56855147793e-06
1255 1.2649608693e-06
1256 2.62099892118e-06
1257 7.1849777376e-07
1258 1.05244744325e-06
1259 7.08378086806e-07
1260 9.41130886756e-07
1261 4.04787478175e-07
1262 8.29814330258e-07
1263 7.99455269395e-07
1264 3.44069356448e-06
1265 6.98258399851e-07
1266 3.74428417312e-07
1267 6.17300904216e-07
1268 9.71489947619e-07
1269 6.37540278125e-07
1270 6.47659965079e-07
1271 6.17300904216e-07
1272 2.33764768646e-06
1273 9.10771825893e-07
1274 1.2852002432e-06
1275 5.76822156399e-07
1276 8.90532451984e-07
1277 6.88138712897e-07
1278 5.36343408581e-07
1279 5.76822156399e-07
1280 1.71123906398e-05
1281 6.17300904216e-07
1282 1.18400337366e-06
1283 5.26223721627e-07
1284 8.19694643304e-07
1285 1.0423277563e-06
1286 5.16104034673e-07
1287 1.03220806935e-06
1288 6.28432559866e-06
1289 6.67899338988e-07
1290 5.46463095536e-07
1291 9.61370260665e-07
1292 1.22448212148e-06
1293 1.21436243452e-06
1294 7.38737147669e-07
1295 1.05244744325e-06
1296 1.14959643802e-05
1297 1.63938928661e-06
1298 5.5658278249e-07
1299 7.79215895486e-07
1300 0.000208313755956
1301 4.95864660764e-07
1302 8.29814330258e-07
1303 7.08378086806e-07
1304 3.24841951235e-06
1305 9.10771825893e-07
1306 5.16104034673e-07
1307 4.95864660764e-07
1308 9.31011199802e-07
1309 8.60173391121e-07
1310 7.1849777376e-07
1311 1.16376399975e-06
1312 1.36615773884e-06
1313 7.28617460714e-07
1314 8.60173391121e-07
1315 7.38737147669e-07
1316 1.09292619107e-06
1317 7.58976521577e-07
1318 1.02208838239e-06
1319 5.36343408581e-07
1320 4.75321696247e-05
1321 6.57779652034e-07
1322 6.47659965079e-07
1323 1.35603805188e-06
1324 1.23460180843e-06
1325 7.48856834623e-07
1326 6.07181217262e-07
1327 1.13340493889e-06
1328 2.89423046895e-06
1329 7.1849777376e-07
1330 7.08378086806e-07
1331 4.55385912946e-07
1332 8.19694643304e-07
1333 5.76822156399e-07
1334 6.57779652034e-07
1335 1.71022709529e-06
1336 3.87584010352e-06
1337 4.95864660764e-07
1338 6.47659965079e-07
1339 5.76822156399e-07
1340 8.8041276503e-07
1341 6.67899338988e-07
1342 6.67899338988e-07
1343 6.88138712897e-07
1344 2.0846555126e-06
1345 5.66702469444e-07
1346 8.8041276503e-07
1347 5.26223721627e-07
1348 7.28617460714e-07
1349 4.45266225992e-07
1350 7.1849777376e-07
1351 6.57779652034e-07
1352 1.57968313358e-05
1353 7.08378086806e-07
1354 6.67899338988e-07
1355 3.9466779122e-07
1356 8.29814330258e-07
1357 9.5125057371e-07
1358 9.61370260665e-07
1359 5.46463095536e-07
1360 2.35788706037e-06
1361 1.12328525193e-06
1362 1.38639711275e-06
1363 1.31555930407e-06
1364 1.56855147793e-06
1365 1.00184900848e-06
1366 5.66702469444e-07
1367 5.5658278249e-07
1368 1.84178302569e-06
1369 8.8041276503e-07
1370 8.70293078075e-07
1371 4.75625286855e-07
1372 6.98258399851e-07
1373 6.07181217262e-07
1374 7.59988490273e-06
1375 9.10771825893e-07
1376 1.7304664692e-06
1377 6.07181217262e-07
1378 1.18400337366e-06
1379 6.17300904216e-07
1380 9.71489947619e-07
1381 4.8574497381e-07
1382 7.38737147669e-07
1383 5.97061530308e-07
1384 1.27710449364e-05
1385 4.8574497381e-07
1386 6.78019025942e-07
1387 4.8574497381e-07
1388 9.81609634573e-07
1389 4.65505599901e-07
1390 6.78019025942e-07
1391 1.35603805188e-06
1392 1.81142396483e-06
1393 7.89335582441e-07
1394 7.99455269395e-07
1395 8.90532451984e-07
1396 4.8574497381e-07
1397 7.38737147669e-07
1398 8.8041276503e-07
1399 6.27420591171e-07
1400 2.65135798204e-06
1401 4.35146539038e-07
1402 9.81609634573e-07
1403 4.95864660764e-07
1404 9.5125057371e-07
1405 1.96321926915e-06
1406 5.5658278249e-07
1407 7.08378086806e-07
1408 3.14722264281e-06
1409 1.30543961711e-06
1410 8.50053704167e-07
1411 8.29814330258e-07
1412 7.79215895486e-07
1413 1.07268681716e-06
1414 1.20424274757e-06
1415 5.16104034673e-07
1416 1.77094521701e-06
1417 4.95864660764e-07
1418 3.84548104266e-07
1419 8.60173391121e-07
1420 7.08378086806e-07
1421 7.38737147669e-07
1422 7.79215895486e-07
1423 8.09574956349e-07
1424 0.000278028279384
1425 5.46463095536e-07
1426 5.36343408581e-07
1427 6.88138712897e-07
1428 7.48856834623e-07
1429 6.17300904216e-07
1430 8.70293078075e-07
1431 1.02208838239e-06
1432 4.81697099028e-06
1433 7.1849777376e-07
1434 5.46463095536e-07
1435 6.27420591171e-07
1436 8.60173391121e-07
1437 1.1536443128e-06
1438 9.81609634573e-07
1439 7.28617460714e-07
1440 1.98345864306e-06
1441 7.89335582441e-07
1442 9.61370260665e-07
1443 4.8574497381e-07
1444 9.31011199802e-07
1445 9.81609634573e-07
1446 1.07268681716e-06
1447 4.25026852083e-07
1448 4.38182445124e-05
1449 6.67899338988e-07
1450 3.84548104266e-07
1451 8.29814330258e-07
1452 1.07268681716e-06
1453 1.25484118234e-06
1454 5.5658278249e-07
1455 5.46463095536e-07
1456 3.56212980794e-06
1457 1.01196869544e-06
1458 6.47659965079e-07
1459 9.41130886756e-07
1460 1.11316556498e-06
1461 7.58976521577e-07
1462 5.46463095536e-07
1463 9.5125057371e-07
1464 0.00968578513682
1465 5.46463095536e-07
1466 8.19694643304e-07
1467 5.26223721627e-07
1468 9.10771825893e-07
1469 9.41130886756e-07
1470 7.1849777376e-07
1471 7.58976521577e-07
1472 0.45895820292
1474 1.11316556498e-07
1478 2.73231547768e-07
1500 4.5235000686e-05
