# Pkt size CDF:
#	./imc/univ2_pt0.parsed
#	 ./imc/univ2_pt1.parsed
#	 ./imc/univ2_pt2.parsed
#	 ./imc/univ2_pt3.parsed
#	 ./imc/univ2_pt4.parsed
#	 ./imc/univ2_pt5.parsed
#	 ./imc/univ2_pt6.parsed
#	 ./imc/univ2_pt7.parsed
#	 ./imc/univ2_pt8.parsed
#
# Evaluated over 98817286 pkts
#
# key rate per 1000000 pkts:
# key_const: 1.0 (avg) 1 (99th) 1 (median) 1 (max) 101 (num_samples)
# key_ipdst: 900.316831683 (avg) 1260 (99th) 898 (median) 1316 (max) 101 (num_samples)
# key_ipsrc_ipdst: 6296.76237624 (avg) 8945 (99th) 6144 (median) 8992 (max) 101 (num_samples)
# key_ipdst16: 20.5643564356 (avg) 29 (99th) 20 (median) 35 (max) 101 (num_samples)
# key_5tuple: 7667.41584158 (avg) 13284 (99th) 7498 (median) 14996 (max) 101 (num_samples)
#
# bytes -> fraction
30 1.21436243452e-07
32 2.93470921676e-07
33 2.82339266027e-06
36 4.01751572089e-06
40 2.26073806561e-05
41 2.29008515778e-05
44 0.00023272244089
46 0.000232783159011
47 0.000232864116507
48 0.00469443170095
49 0.0046945430175
50 0.00469521091684
51 0.00470562407472
52 0.00503440258418
53 0.00503977613795
54 0.00504001901044
55 0.00505073575892
56 0.00701181977412
57 0.00701278114438
58 0.00701585752922
59 0.00701668734355
60 0.00967995619714
61 0.0096823140842
62 0.00969749361463
63 0.00971816813508
64 0.0113583771163
65 0.0113800838448
66 0.011439041141
67 0.0114506383023
68 0.0117898097303
69 0.0117958005849
70 0.0117987150548
71 0.0118173656378
72 0.0575971293119
73 0.0576202629163
74 0.0576251304857
75 0.0576278223225
76 0.0596665648154
77 0.0596689125827
78 0.0597930001842
79 0.0598103554473
80 0.0646104872785
81 0.0646119849921
82 0.0646133005515
83 0.064614059528
84 0.0649174477429
85 0.064918024565
86 0.0649204128111
87 0.0649212223861
88 0.0738950268276
89 0.0739014730681
90 0.0739022320447
91 0.0739035172449
92 0.0742837948413
93 0.272904266972
94 0.33305790244
95 0.377162625171
96 0.388223250738
97 0.406107611577
98 0.410456061301
99 0.421780486868
100 0.424713779328
101 0.43338757553
102 0.435419234242
103 0.441645766309
104 0.443738891999
105 0.447894399772
106 0.44904367238
107 0.452044382195
108 0.452754966373
109 0.454770200833
110 0.455318455113
111 0.456467343173
112 0.457192803292
113 0.458165214131
114 0.458405890646
115 0.458993004524
116 0.459454988473
117 0.459863216644
118 0.459964949857
119 0.460412604329
120 0.460766742774
121 0.46102225475
122 0.461231145328
123 0.461437900653
124 0.461752238369
125 0.461930516894
126 0.461953549301
127 0.46197718889
128 0.462323859006
129 0.462338198602
130 0.462340424934
131 0.462355837217
132 0.462446064346
133 0.462450992633
134 0.462589015044
135 0.462590826468
136 0.462713558031
137 0.462717110041
138 0.462746841681
139 0.462750980633
140 0.46279927178
141 0.462857945724
142 0.462885390315
143 0.462888061913
144 0.462963979804
145 0.462969636709
146 0.462975678162
147 0.462979381968
148 0.463049734032
149 0.46305334676
150 0.463057971457
151 0.463060845448
152 0.463078666217
153 0.463082643254
154 0.463085486886
155 0.463090010386
156 0.463137168127
157 0.463139212304
158 0.463147469968
159 0.463151123175
160 0.463169105859
161 0.463176665265
162 0.463180136318
163 0.463185449153
164 0.467254980065
165 0.467256740891
166 0.467271373958
167 0.467273205621
168 0.46728262705
169 0.467285248049
170 0.467287099952
171 0.467288789939
172 0.467296673175
173 0.467297978615
174 0.467298970344
175 0.467300275784
176 0.515260315893
177 0.515261945162
178 0.515264262571
179 0.515266711535
180 0.515272793467
181 0.5152749692
182 0.515276912179
183 0.515278420013
184 0.515715813122
185 0.515717604307
186 0.515719425851
187 0.515721763498
188 0.515730274155
189 0.515734048798
190 0.515744512555
191 0.515748843781
192 0.515783635264
193 0.51579863264
194 0.515817951123
195 0.515835569498
196 0.515976283745
197 0.516273316796
198 0.5163527361
199 0.516375930422
200 0.516687869772
201 0.516712915998
202 0.516737193127
203 0.51675194763
204 0.516772014969
205 0.516777712353
206 0.516784148474
207 0.51678913748
208 0.516824202195
209 0.516830112092
210 0.516836507734
211 0.516841375304
212 0.516852830789
213 0.516857091178
214 0.5168621915
215 0.516870560481
216 0.516883412483
217 0.516888320532
218 0.516895394193
219 0.516900099847
220 0.516904775143
221 0.516910249893
222 0.516924012667
223 0.516936115813
224 0.516997066688
225 0.517019542512
226 0.517022315307
227 0.517032495712
228 0.517034236298
229 0.517058351512
230 0.517059606353
231 0.517062369028
232 0.51731897393
233 0.517321655647
234 0.517324954665
235 0.517327626262
236 0.51737358988
237 0.517375269748
238 0.517383992918
239 0.517385015007
240 0.517391471367
241 0.517393161355
242 0.517394699547
243 0.51739620738
244 0.517406296708
245 0.517413724559
246 0.517415991368
247 0.51745052986
248 0.518095599185
249 0.518101235851
250 0.51816269271
251 0.51816463569
252 0.518168157341
253 0.5181694729
254 0.518171587915
255 0.518172751679
256 0.518189024135
257 0.518192555906
258 0.518194256013
259 0.518195288221
260 0.518232113762
261 0.518233095372
262 0.518234238897
263 0.518235331823
264 0.518241221481
265 0.518242112013
266 0.518242992426
267 0.518243882958
268 0.518247961192
269 0.518249013639
270 0.51825028872
271 0.518251968588
272 0.519604090321
273 0.519605891625
274 0.519607773887
275 0.5196086543
276 0.519611639608
277 0.519626130999
278 0.519627750149
279 0.519628812716
280 0.519664838802
281 0.519665800172
282 0.519666619867
283 0.519667692554
284 0.519670667742
285 0.519672205934
286 0.519676830631
287 0.519679370672
288 0.519688225398
289 0.519689429641
290 0.519691494057
291 0.519692880454
292 0.519699468371
293 0.519700480339
294 0.519701542906
295 0.519702342362
296 0.519706825383
297 0.51970820166
298 0.519709679135
299 0.519711338763
300 0.51971824039
301 0.519719434513
302 0.519720922107
303 0.519722025153
304 0.519776985173
305 0.519778897794
306 0.519780385388
307 0.519782955788
308 0.519785738702
309 0.51978678103
310 0.519788126948
311 0.519790069928
312 0.519793460023
313 0.519795706594
314 0.519797376342
315 0.519798529986
316 0.519801586132
317 0.519803144563
318 0.519804004737
319 0.519805917358
320 0.520104579679
321 0.520105955956
322 0.520107979894
323 0.520109467488
324 0.520113009378
325 0.520114446374
326 0.520115974446
327 0.520144380408
328 0.521093951113
329 0.521095610742
330 0.521097472764
331 0.521099274069
332 0.521102036743
333 0.521103676132
334 0.521104677981
335 0.521112682654
336 0.521115566765
337 0.521117297231
338 0.521118683628
339 0.52111991823
340 0.521140501673
341 0.521141837472
342 0.521143709614
343 0.521290505793
344 0.521327331334
345 0.521328829047
346 0.521330782147
347 0.521332026869
348 0.521333858532
349 0.521334698466
350 0.521335821751
351 0.521570841361
352 0.521576103598
353 0.521577297721
354 0.52157798586
355 0.521579524052
356 0.521581244399
357 0.521582043854
358 0.521583683244
359 0.521588763327
360 0.521684242573
361 0.521685284901
362 0.521686428425
363 0.521687470753
364 0.521689100023
365 0.52169014235
366 0.521691376952
367 0.5217040468
368 0.521781685039
369 0.521783516702
370 0.521784508431
371 0.521786309736
372 0.52178876882
373 0.52179003378
374 0.521791683289
375 0.521792492864
376 0.521812054219
377 0.52181365313
378 0.521814381747
379 0.521815545511
380 0.521816972387
381 0.521818793931
382 0.521820058892
383 0.52182171852
384 0.521827415904
385 0.521828174881
386 0.521829986305
387 0.521832425149
388 0.5218411382
389 0.52184241328
390 0.521843617523
391 0.521844902723
392 0.521848495212
393 0.521849497061
394 0.52185081262
395 0.521852320454
396 0.521853534816
397 0.521854850375
398 0.521858503582
399 0.521859434594
400 0.521863775939
401 0.521864838506
402 0.521865627842
403 0.521866710648
404 0.521867763096
405 0.521868997698
406 0.52187022218
407 0.521871871689
408 0.52187635471
409 0.521885452309
410 0.521887061339
411 0.521887779837
412 0.521891008017
413 0.521891807472
414 0.521892698005
415 0.521893426622
416 0.521896745879
417 0.52189803108
418 0.521899164485
419 0.521900075256
420 0.521901512252
421 0.521902453383
422 0.521903971336
423 0.52190449756
424 0.521992356682
425 0.521993965712
426 0.521994522295
427 0.521995665819
428 0.521996920661
429 0.521997689757
430 0.52199886364
431 0.522000138721
432 0.522018991698
433 0.522021906168
434 0.522026156436
435 0.522027613671
436 0.522030700176
437 0.5220318437
438 0.522033098541
439 0.522034272425
440 0.522037773837
441 0.522040799623
442 0.522041588959
443 0.522042965236
444 0.522044331394
445 0.522045060011
446 0.522045768389
447 0.522046739879
448 0.522051050866
449 0.522067970983
450 0.522068891874
451 0.522069792526
452 0.522072190892
453 0.522073051065
454 0.522074002316
455 0.522074953567
456 0.522077139419
457 0.522084678586
458 0.522085670315
459 0.522086702523
460 0.522177445756
461 0.522178518443
462 0.52218022867
463 0.522182404403
464 0.522190935299
465 0.522193566417
466 0.522195489158
467 0.522197472617
468 0.522211883051
469 0.522212783703
470 0.522213765313
471 0.522215080872
472 0.522225463671
473 0.522226738751
474 0.522228195986
475 0.522228884125
476 0.522229875854
477 0.52223066519
478 0.522231535483
479 0.522232081946
480 0.522236453651
481 0.522237334063
482 0.522238285314
483 0.522240461047
484 0.522241513494
485 0.522243152883
486 0.522244802392
487 0.522245915558
488 0.522276193661
489 0.522277084194
490 0.522277731854
491 0.522281455899
492 0.52228238691
493 0.522283904863
494 0.522285888322
495 0.522287011607
496 0.523597166998
497 0.523597925975
498 0.523598472438
499 0.523599858835
500 0.523601063077
501 0.52361391508
502 0.523614734775
503 0.523615675905
504 0.523619238035
505 0.52362006785
506 0.523620998861
507 0.523621848914
508 0.523623842493
509 0.523625249129
510 0.523626767082
511 0.523628376113
512 0.523634093736
513 0.523635986117
514 0.523636795692
515 0.523638121371
516 0.523643758037
517 0.52364526587
518 0.523646773703
519 0.52364785651
520 0.523651701991
521 0.523653331261
522 0.523654393828
523 0.523655405796
524 0.523745885917
525 0.523746624655
526 0.523749478406
527 0.523750186784
528 0.52375325305
529 0.523753860231
530 0.523754679925
531 0.52375550974
532 0.523758110499
533 0.523759456418
534 0.523761551193
535 0.523763463814
536 0.523788095132
537 0.523789916675
538 0.523792284682
539 0.523793822875
540 0.523796494472
541 0.523799763131
542 0.523803082388
543 0.523807970197
544 0.523813576504
545 0.52381790773
546 0.523822927094
547 0.523830658535
548 0.523838653088
549 0.523845797587
550 0.523855117818
551 0.523863942185
552 0.523875134559
553 0.523886286454
554 0.523897529426
555 0.523910077838
556 0.52392358762
557 0.523936227109
558 0.523950192277
559 0.523965037858
560 0.523981917496
561 0.523998291149
562 0.52401573749
563 0.524043252919
564 0.524060193275
565 0.524083731666
566 0.524155014741
567 0.524177520925
568 0.524254815094
569 0.524337219705
570 0.52435256115
571 0.524370483116
572 0.524478116106
573 0.524501512823
574 0.524519262754
575 0.524535808442
576 0.524643876579
577 0.524657882225
578 0.524812359247
579 0.524827528658
580 0.524845956608
581 0.524862856485
582 0.524876943089
583 0.524892699442
584 0.524908982018
585 0.524922582877
586 0.524936487327
587 0.524948904183
588 0.524960410267
589 0.52498131754
590 0.524993137335
591 0.525004461264
592 0.525017940687
593 0.525027311517
594 0.525039657536
595 0.525048856331
596 0.525059178412
597 0.525068660558
598 0.525078689168
599 0.525089152924
600 0.52509931309
601 0.525108926793
602 0.525117204697
603 0.525125037334
604 0.525133446794
605 0.525143100976
606 0.525150022841
607 0.525159626424
608 0.525169422281
609 0.525177740664
610 0.525201187979
611 0.525208433675
612 0.525216701459
613 0.525222631595
614 0.525228116466
615 0.525233216788
616 0.525239774345
617 0.525245249096
618 0.525251725695
619 0.525255652134
620 0.525259639291
621 0.525263575849
622 0.525267310013
623 0.525270295321
624 0.525274403914
625 0.525277652333
626 0.525280890633
627 0.525283359837
628 0.525286082033
629 0.525289168537
630 0.525290979961
631 0.525293762875
632 0.525303568852
633 0.525305420754
634 0.525307060144
635 0.525309185278
636 0.525311866995
637 0.525313263512
638 0.525318009645
639 0.525319740111
640 0.525323636191
641 0.525326034557
642 0.525327754903
643 0.525329465131
644 0.525332369481
645 0.525334909522
646 0.525337145973
647 0.525339433022
648 0.525343956522
649 0.525346466205
650 0.52534856098
651 0.525350089053
652 0.525352032032
653 0.525353347592
654 0.52535565488
655 0.525357021038
656 0.525361200469
657 0.525362354113
658 0.525364357811
659 0.525365764448
660 0.525367879462
661 0.525369296218
662 0.525370611778
663 0.52537216009
664 0.52539315844
665 0.525394909146
666 0.525396568775
667 0.525397499786
668 0.525398481396
669 0.525400221982
670 0.525401709576
671 0.525402589988
672 0.525413590088
673 0.52541482469
674 0.525415958095
675 0.525417263535
676 0.525420815545
677 0.525421888231
678 0.525422697806
679 0.525424387794
680 0.525426674843
681 0.52542841543
682 0.525429781587
683 0.525430742958
684 0.525442026409
685 0.525442987779
686 0.525443736636
687 0.525444505732
688 0.525448229777
689 0.525449008993
690 0.525450506706
691 0.525451619872
692 0.52545263184
693 0.525453674168
694 0.525454959368
695 0.525456001696
696 0.525462721168
697 0.525463672419
698 0.52546459331
699 0.525465342167
700 0.525466789282
701 0.525468327475
702 0.525469106691
703 0.525469723992
704 0.525472486666
705 0.525473367079
706 0.525474328449
707 0.525475127905
708 0.525476595259
709 0.525477718544
710 0.525478740633
711 0.525479580567
712 0.525481604504
713 0.525482646832
714 0.525483921913
715 0.525484620171
716 0.525497876961
717 0.525499121682
718 0.525499789582
719 0.525500740832
720 0.525504171406
721 0.525505051819
722 0.525506033428
723 0.52550727815
724 0.525509140172
725 0.525510212859
726 0.525511821889
727 0.525512337993
728 0.525515910243
729 0.525516952571
730 0.525518500883
731 0.525519512852
732 0.525520393264
733 0.525521455831
734 0.525522548758
735 0.525523368452
736 0.525525817416
737 0.525526839505
738 0.525527719918
739 0.525528701527
740 0.52552959206
741 0.525530917739
742 0.525531686835
743 0.525533063112
744 0.525535340042
745 0.525536534165
746 0.52553735386
747 0.525538011639
748 0.525539317079
749 0.525539873662
750 0.525540642758
751 0.525541280298
752 0.525544832308
753 0.525545550806
754 0.525547655701
755 0.525548789106
756 0.525549730237
757 0.525550792804
758 0.525551774414
759 0.525552280398
760 0.525565122281
761 0.525566164608
762 0.525567358731
763 0.525568077229
764 0.525568876684
765 0.525570111286
766 0.52557064763
767 0.525571649479
768 0.525573956767
769 0.525574655026
770 0.525576041423
771 0.525576891477
772 0.525578207036
773 0.525579198765
774 0.525579907143
775 0.525580625641
776 0.525583843701
777 0.525584936628
778 0.525586292666
779 0.525587304634
780 0.525588114209
781 0.525589035101
782 0.525590077429
783 0.525591038799
784 0.525594671767
785 0.525595400384
786 0.525596139121
787 0.525597333244
788 0.525598173178
789 0.52559908395
790 0.525600136397
791 0.525600996571
792 0.52560328362
793 0.525603890801
794 0.525605034326
795 0.525606036175
796 0.525607301136
797 0.52560844466
798 0.52560912268
799 0.525609952494
800 0.525613140195
801 0.52561395989
802 0.525615093295
803 0.525616014186
804 0.525616884479
805 0.525617491661
806 0.525618098842
807 0.525619060212
808 0.525621650852
809 0.525622865214
810 0.525623725388
811 0.525624605801
812 0.52562622495
813 0.525627145842
814 0.525628218529
815 0.525628906667
816 0.526026387732
817 0.526027308623
818 0.526028118198
819 0.526028998611
820 0.526030344529
821 0.526031386857
822 0.526032074996
823 0.526033046486
824 0.526035282937
825 0.526036102631
826 0.526036831249
827 0.526037468789
828 0.526038146808
829 0.526038875425
830 0.526039442128
831 0.526040261823
832 0.526041688698
833 0.526042903061
834 0.5260435912
835 0.526043935269
836 0.526049217745
837 0.526050260073
838 0.526051261922
839 0.526052172694
840 0.526095586151
841 0.526096112375
842 0.526097195181
843 0.526098510741
844 0.526103752738
845 0.52610433968
846 0.526105078417
847 0.526105635
848 0.526108519111
849 0.526109945987
850 0.526110573407
851 0.526111575256
852 0.526112233036
853 0.526113184287
854 0.526114459367
855 0.526114955232
856 0.526122717032
857 0.526123364692
858 0.526124852286
859 0.52612600593
860 0.526127038138
861 0.526128890041
862 0.526129659137
863 0.526130569909
864 0.526134941614
865 0.526135498196
866 0.526136297652
867 0.526137157825
868 0.526137987639
869 0.526139019847
870 0.526139616909
871 0.526140365766
872 0.526143836818
873 0.526144717231
874 0.526145526806
875 0.526146599493
876 0.526147469786
877 0.526148704388
878 0.526149675878
879 0.526150283059
880 0.526153703513
881 0.526154573806
882 0.52615573757
883 0.526156617983
884 0.526157882944
885 0.52615833833
886 0.526159208623
887 0.526160018198
888 0.526161586749
889 0.52616254812
890 0.526163246378
891 0.5261638232
892 0.526164683374
893 0.526165705462
894 0.526166869226
895 0.526167972272
896 0.526172809482
897 0.526173325586
898 0.526174580427
899 0.52617611862
900 0.526176988913
901 0.526177565735
902 0.526178344951
903 0.526179184885
904 0.526183354196
905 0.526184001856
906 0.526185064423
907 0.526190377259
908 0.526191004679
909 0.526191561262
910 0.526192158324
911 0.526193099455
912 0.526249881018
913 0.526250761431
914 0.526251469809
915 0.526252046631
916 0.526253534225
917 0.52625498134
918 0.526255507564
919 0.526256226062
920 0.526637535866
921 0.526638122808
922 0.526638993101
923 0.526639833035
924 0.526640855124
925 0.526641310509
926 0.526645874488
927 0.526646380473
928 0.526650053919
929 0.526650752177
930 0.526651349239
931 0.526652047497
932 0.52665291779
933 0.526653504732
934 0.526654132153
935 0.526655417353
936 0.526657755001
937 0.526658777089
938 0.526659515826
939 0.526660203965
940 0.526661317131
941 0.526662582091
942 0.52666360418
943 0.526664514952
944 0.526667287746
945 0.526667712773
946 0.526668411031
947 0.526669453359
948 0.526670232575
949 0.526670880235
950 0.526672195794
951 0.52667265118
952 0.526678652154
953 0.526680038551
954 0.526680767169
955 0.526681738659
956 0.526682831585
957 0.526684248341
958 0.526685037677
959 0.526685968688
960 0.526689480219
961 0.52669107913
962 0.526691706551
963 0.526692273253
964 0.526692850075
965 0.526693386419
966 0.526693953121
967 0.526694540063
968 0.526699751702
969 0.526700237447
970 0.526701188697
971 0.526701897075
972 0.52670303048
973 0.526703951372
974 0.526705155614
975 0.526705762796
976 0.526709446362
977 0.52671016486
978 0.526711156589
979 0.52671176377
980 0.526712694781
981 0.526713322202
982 0.526713990101
983 0.526714627641
984 0.528437150156
985 0.528438192484
986 0.528439032418
987 0.528439821754
988 0.5284402569
989 0.528440773004
990 0.528441147433
991 0.528441693896
992 0.528446035242
993 0.528446500747
994 0.528447107928
995 0.528447654391
996 0.528448261573
997 0.528448909233
998 0.528449435456
999 0.528450255151
1000 0.528458219345
1001 0.528458856885
1002 0.528460051008
1003 0.528461670158
1004 0.528463157752
1005 0.528464068524
1006 0.528465404322
1007 0.528466578206
1008 0.528470828475
1009 0.528471850563
1010 0.528472558941
1011 0.528473196481
1012 0.528475260897
1013 0.528477092561
1014 0.528477881896
1015 0.528478468838
1016 0.528483073296
1017 0.528484449573
1018 0.528484985917
1019 0.52848584609
1020 0.528486939016
1021 0.528487647394
1022 0.528488629004
1023 0.528489317143
1024 0.528490602343
1025 0.528491037489
1026 0.528491857184
1027 0.528492454246
1028 0.528494417465
1029 0.528494994287
1030 0.528496562839
1031 0.528497089062
1032 0.528499791019
1033 0.528501157176
1034 0.528502098307
1035 0.528502918002
1036 0.528503666859
1037 0.528504223442
1038 0.528505124094
1039 0.528505913429
1040 0.528514565762
1041 0.528515304499
1042 0.528515982518
1043 0.528516711135
1044 0.528519595246
1045 0.528520091111
1046 0.528520516138
1047 0.528521204276
1048 0.528526142683
1049 0.528527205251
1050 0.52852787315
1051 0.528528682725
1052 0.528529542898
1053 0.52853013996
1054 0.528531202527
1055 0.528531850187
1056 0.528535220043
1057 0.528536110575
1058 0.528537294578
1059 0.52853789164
1060 0.528538842891
1061 0.528539419713
1062 0.528540350724
1063 0.528541018623
1064 0.528542971723
1065 0.52854403429
1066 0.52854468195
1067 0.52854533973
1068 0.528546037988
1069 0.528547029717
1070 0.528547940489
1071 0.528548628628
1072 0.528554933193
1073 0.528555540374
1074 0.52855631959
1075 0.528556987489
1076 0.528558434605
1077 0.528559304898
1078 0.528559993036
1079 0.528560357345
1080 0.528564192706
1081 0.528564992162
1082 0.528565528505
1083 0.528566429157
1084 0.52856764352
1085 0.528568200102
1086 0.528569100755
1087 0.528569930569
1088 0.528572581927
1089 0.528573371262
1090 0.528574190957
1091 0.528574868976
1092 0.52858055624
1093 0.528581396174
1094 0.528582215869
1095 0.528582863529
1096 0.528614406593
1097 0.528614912577
1098 0.528615398322
1099 0.528616278735
1100 0.528618029441
1101 0.528618535425
1102 0.528619112248
1103 0.5286200129
1104 0.530240650406
1105 0.530241763572
1106 0.530243352363
1107 0.530244121459
1108 0.530244890555
1109 0.530245558455
1110 0.530246287072
1111 0.53024700557
1112 0.530263429822
1113 0.53026411796
1114 0.530264876937
1115 0.530265716871
1116 0.530266506207
1117 0.53026703243
1118 0.530268115237
1119 0.530268793256
1120 0.530270796954
1121 0.530271849401
1122 0.530272497061
1123 0.530273266157
1124 0.530274642435
1125 0.530275300214
1126 0.530276291944
1127 0.530276666372
1128 0.530278892703
1129 0.530279510004
1130 0.530280066587
1131 0.53028061305
1132 0.530281695857
1133 0.530282343517
1134 0.530283284647
1135 0.530284144821
1136 0.530286684862
1137 0.530287696831
1138 0.530288678441
1139 0.530290095197
1140 0.530291410756
1141 0.530292210211
1142 0.530293677566
1143 0.530294477021
1144 0.530300761347
1145 0.530301854273
1146 0.530302805524
1147 0.530303645458
1148 0.530305092573
1149 0.530305740233
1150 0.530306570047
1151 0.530307318904
1152 0.530312135875
1153 0.530313319878
1154 0.530314665797
1155 0.530316426622
1156 0.530317286796
1157 0.530317883857
1158 0.530318673193
1159 0.530319280374
1160 0.530323955669
1161 0.530324795603
1162 0.530326040325
1163 0.530327355884
1164 0.530328722042
1165 0.530329774489
1166 0.530330432269
1167 0.530331251964
1168 0.530341735959
1169 0.53034269733
1170 0.530343608101
1171 0.53034493378
1172 0.530345895151
1173 0.530346471973
1174 0.530347079154
1175 0.530347787532
1176 0.530354385568
1177 0.530354992749
1178 0.53035561005
1179 0.53035658154
1180 0.530357795903
1181 0.530358696555
1182 0.530360386542
1183 0.53036112528
1184 0.530364727888
1185 0.530365567822
1186 0.530366347038
1187 0.530367065536
1188 0.530367814393
1189 0.530368745404
1190 0.530369453782
1191 0.530370303836
1192 0.530372074781
1193 0.530372783159
1194 0.530373572494
1195 0.530373997521
1196 0.530375181525
1197 0.530375839304
1198 0.530376739957
1199 0.530377397736
1200 0.530378925809
1201 0.530379705025
1202 0.530380099693
1203 0.530380777712
1204 0.530381688483
1205 0.530382690332
1206 0.530383074881
1207 0.530384420799
1208 0.530386161385
1209 0.53038697096
1210 0.53038795257
1211 0.530393275525
1212 0.530394631563
1213 0.530395258984
1214 0.5303960382
1215 0.530396291192
1216 0.530409315229
1217 0.530410671267
1218 0.530411915988
1219 0.530412563648
1220 0.530414000644
1221 0.530414466149
1222 0.530415700751
1223 0.530416146018
1224 0.530418473546
1225 0.53041895929
1226 0.530419455155
1227 0.530419961139
1228 0.530421084425
1229 0.530437812267
1230 0.530438621842
1231 0.530439289742
1232 0.530441900621
1233 0.530442416725
1234 0.530443246539
1235 0.530444551979
1236 0.530445290716
1237 0.530446302685
1238 0.530447294414
1239 0.530448093869
1240 0.530452536412
1241 0.530453092995
1242 0.530453922809
1243 0.530455046094
1244 0.530455916387
1245 0.530456948595
1246 0.530457525417
1247 0.530458284394
1248 0.530460480366
1249 0.530460895273
1250 0.530461573292
1251 0.530462160234
1252 0.530462737056
1253 0.530463323998
1254 0.53046489255
1255 0.53046615751
1256 0.530468778509
1257 0.530469497007
1258 0.530470549455
1259 0.530471257833
1260 0.530472198964
1261 0.530472603751
1262 0.530473433565
1263 0.530474233021
1264 0.530477673714
1265 0.530478371973
1266 0.530478746401
1267 0.530479363702
1268 0.530480335192
1269 0.530480972732
1270 0.530481620392
1271 0.530482237693
1272 0.530484575341
1273 0.530485486113
1274 0.530486771313
1275 0.530487348135
1276 0.530488238667
1277 0.530488926806
1278 0.530489463149
1279 0.530490039972
1280 0.530507152362
1281 0.530507769663
1282 0.530508953667
1283 0.53050947989
1284 0.530510299585
1285 0.530511341913
1286 0.530511858017
1287 0.530512890225
1288 0.53051917455
1289 0.53051984245
1290 0.530520388913
1291 0.530521350283
1292 0.530522574765
1293 0.530523789128
1294 0.530524527865
1295 0.530525580312
1296 0.530537076277
1297 0.530538715666
1298 0.530539272249
1299 0.530540051465
1300 0.530748365221
1301 0.530748861085
1302 0.5307496909
1303 0.530750399278
1304 0.530753647697
1305 0.530754558469
1306 0.530755074573
1307 0.530755570438
1308 0.530756501449
1309 0.530757361622
1310 0.53075808012
1311 0.530759243884
1312 0.530760610042
1313 0.530761338659
1314 0.530762198833
1315 0.53076293757
1316 0.530764030496
1317 0.530764789472
1318 0.530765811561
1319 0.530766347904
1320 0.530813880074
1321 0.530814537854
1322 0.530815185513
1323 0.530816541552
1324 0.530817776153
1325 0.53081852501
1326 0.530819132191
1327 0.530820265596
1328 0.530823159827
1329 0.530823878325
1330 0.530824586703
1331 0.530825042089
1332 0.530825861783
1333 0.530826438605
1334 0.530827096385
1335 0.530828806612
1336 0.530832682452
1337 0.530833178317
1338 0.530833825977
1339 0.530834402799
1340 0.530835283212
1341 0.530835951111
1342 0.53083661901
1343 0.530837307149
1344 0.530839391805
1345 0.530839958507
1346 0.53084083892
1347 0.530841365144
1348 0.530842093761
1349 0.530842539027
1350 0.530843257525
1351 0.530843915305
1352 0.530859712136
1353 0.530860420514
1354 0.530861088414
1355 0.530861483081
1356 0.530862312896
1357 0.530863264146
1358 0.530864225516
1359 0.53086477198
1360 0.530867129867
1361 0.530868253152
1362 0.530869639549
1363 0.530870955108
1364 0.53087252366
1365 0.530873525509
1366 0.530874092211
1367 0.530874648794
1368 0.530876490577
1369 0.53087737099
1370 0.530878241283
1371 0.530878716908
1372 0.530879415167
1373 0.530880022348
1374 0.530887622233
1375 0.530888533005
1376 0.530890263471
1377 0.530890870652
1378 0.530892054656
1379 0.530892671957
1380 0.530893643446
1381 0.530894129191
1382 0.530894867929
1383 0.53089546499
1384 0.530908236035
1385 0.53090872178
1386 0.530909399799
1387 0.530909885544
1388 0.530910867154
1389 0.530911332659
1390 0.530912010678
1391 0.530913366716
1392 0.53091517814
1393 0.530915967476
1394 0.530916766931
1395 0.530917657464
1396 0.530918143209
1397 0.530918881946
1398 0.530919762358
1399 0.530920389779
1400 0.530923041137
1401 0.530923476284
1402 0.530924457893
1403 0.530924953758
1404 0.530925905008
1405 0.530927868228
1406 0.530928424811
1407 0.530929133189
1408 0.530932280411
1409 0.530933585851
1410 0.530934435905
1411 0.530935265719
1412 0.530936044935
1413 0.530937117622
1414 0.530938321864
1415 0.530938837968
1416 0.530940608914
1417 0.530941104778
1418 0.530941489326
1419 0.5309423495
1420 0.530943057878
1421 0.530943796615
1422 0.530944575831
1423 0.530945385406
1424 0.531223413685
1425 0.531223960148
1426 0.531224496492
1427 0.53122518463
1428 0.531225933487
1429 0.531226550788
1430 0.531227421081
1431 0.53122844317
1432 0.531233260141
1433 0.531233978638
1434 0.531234525102
1435 0.531235152522
1436 0.531236012695
1437 0.53123716634
1438 0.531238147949
1439 0.531238876567
1440 0.531240860026
1441 0.531241649361
1442 0.531242610731
1443 0.531243096476
1444 0.531244027488
1445 0.531245009097
1446 0.531246081784
1447 0.531246506811
1448 0.531290325055
1449 0.531290992955
1450 0.531291377503
1451 0.531292207317
1452 0.531293280004
1453 0.531294534845
1454 0.531295091428
1455 0.531295637891
1456 0.531299200021
1457 0.53130021199
1458 0.531300859649
1459 0.53130180078
1460 0.531302913946
1461 0.531303672922
1462 0.531304219386
1463 0.531305170636
1464 0.540990955773
1465 0.540991502236
1466 0.540992321931
1467 0.540992848154
1468 0.540993758926
1469 0.540994700057
1470 0.540995418555
1471 0.540996177531
1472 0.999954380451
1474 0.999954491768
1478 0.999954765
1500 1.0
