# Pkt size CDF:
#	./mawi/201507201400-01.dump.parsed
#	 ./mawi/201507201400-02.dump.parsed
#	 ./mawi/201507201400-03.dump.parsed
#
# Evaluated over 135268786 pkts
#
# key rate per 1000000 pkts:
# key_const: 0.985507246377 (avg) 1.0 (99th) 1.0 (median) 1 (max) 138 (num_samples)
# key_ipdst: 17026.1811594 (avg) 67948.7 (99th) 13454.0 (median) 69417 (max) 138 (num_samples)
# key_ipsrc_ipdst: 23515.9927536 (avg) 74969.15 (99th) 20129.0 (median) 76892 (max) 138 (num_samples)
# key_ipdst16: 1705.29710145 (avg) 2154.67 (99th) 1690.0 (median) 2158 (max) 138 (num_samples)
# key_5tuple: 39996.5144928 (avg) 90803.2 (99th) 38227.0 (median) 91648 (max) 138 (num_samples)
#
# bytes -> fraction
28 0.00011003277578
29 0.000131626818917
30 0.000174142170537
31 0.000191603700797
32 0.000251314445891
33 0.000251373587399
34 0.000452617354013
35 0.000488457107909
36 0.000645655236382
37 0.000645670021759
38 0.000647791723361
39 0.000658318911799
40 0.241140916279
41 0.241510210641
42 0.24172617325
43 0.241749881602
44 0.243732696765
45 0.243799519277
46 0.244098760522
47 0.24416241157
48 0.270344054097
49 0.270446745933
50 0.270518662007
51 0.27065967754
52 0.438640463588
53 0.438922095449
54 0.439770214246
55 0.439906010541
56 0.440396434104
57 0.440836823951
58 0.44149128388
59 0.441578887239
60 0.455246652395
61 0.45537656411
62 0.455472720809
63 0.455789364444
64 0.46913538501
65 0.470056706209
66 0.470401456845
67 0.471468399221
68 0.473414221371
69 0.473707777639
70 0.474060504986
71 0.475295815843
72 0.478055395574
73 0.478794782708
74 0.479571702521
75 0.480251541549
76 0.484059130981
77 0.485107406819
78 0.485473514932
79 0.485932068615
80 0.488536897197
81 0.488799101073
82 0.488951619629
83 0.489441555275
84 0.489711247945
85 0.490172950913
86 0.490366262325
87 0.490586113488
88 0.490835269269
89 0.49136814165
90 0.491527040096
91 0.491712626149
92 0.505553040152
93 0.506003350987
94 0.506180087992
95 0.506340110127
96 0.506884640777
97 0.507540505317
98 0.507672834441
99 0.508058584927
100 0.508308509548
101 0.508422076029
102 0.508523755067
103 0.508672200252
104 0.509829569994
105 0.510509194634
106 0.510708671548
107 0.510884070476
108 0.511068177991
109 0.511277405861
110 0.51140402783
111 0.511621823826
112 0.512005689177
113 0.512672635356
114 0.512842918543
115 0.513007612858
116 0.513271317449
117 0.513381010162
118 0.513595982151
119 0.513679319928
120 0.51535490235
121 0.515879605809
122 0.515973374671
123 0.516048927947
124 0.516315020377
125 0.51650335651
126 0.51690435072
127 0.517267390867
128 0.517641098664
129 0.517913659697
130 0.518026442553
131 0.518204310638
132 0.518962312562
133 0.519037178319
134 0.519198050613
135 0.519291265023
136 0.520569327798
137 0.521061237291
138 0.523703746406
139 0.523823034828
140 0.523944267527
141 0.524056725104
142 0.524221264173
143 0.534292146305
144 0.534503976402
145 0.534616825792
146 0.534710572475
147 0.534796408981
148 0.534907099706
149 0.534987887006
150 0.535077235039
151 0.535171905808
152 0.536080474619
153 0.536429601727
154 0.536494546495
155 0.536564170835
156 0.536691362041
157 0.536787962302
158 0.536937730779
159 0.537063598693
160 0.537167525108
161 0.537234480688
162 0.537289556217
163 0.537343692875
164 0.537566264548
165 0.537621273544
166 0.537728519276
167 0.537782212372
168 0.537938138958
169 0.53818014601
170 0.53823429006
171 0.538286356765
172 0.538442305529
173 0.538501365718
174 0.538623825603
175 0.53867633587
176 0.539181840517
177 0.539238956429
178 0.539336155497
179 0.539390099945
180 0.539430338349
181 0.539490189555
182 0.539531854747
183 0.539581858892
184 0.53964028331
185 0.539764465691
186 0.539843308714
187 0.539879170646
188 0.53998628331
189 0.540022418772
190 0.540096892716
191 0.540157024844
192 0.540265009845
193 0.540311251112
194 0.540353359865
195 0.540399859876
196 0.540508310617
197 0.540563023904
198 0.540604629955
199 0.540664355486
200 0.540782172762
201 0.540909156973
202 0.54096835023
203 0.541006097297
204 0.541100147081
205 0.54113550631
206 0.541192651792
207 0.541214164515
208 0.541271324783
209 0.541304902374
210 0.541355335295
211 0.541391751679
212 0.54147103087
213 0.541510286046
214 0.541553193211
215 0.541612659997
216 0.541658295063
217 0.54175073324
218 0.541796486589
219 0.541845078731
220 0.541958926134
221 0.542090057643
222 0.542138435396
223 0.542195381276
224 0.542284322711
225 0.542327481227
226 0.542384168362
227 0.542437166546
228 0.542522759094
229 0.542583556564
230 0.542708138151
231 0.54276200128
232 0.542853995895
233 0.542936099094
234 0.542982443858
235 0.543021957778
236 0.54313632267
237 0.543211794627
238 0.543261074288
239 0.543305703949
240 0.543530604318
241 0.543726096573
242 0.543778148493
243 0.543846782213
244 0.544017006259
245 0.544043605152
246 0.544104491335
247 0.544180835629
248 0.544289345511
249 0.54440862654
250 0.544449618998
251 0.544492444842
252 0.544624086447
253 0.544690339721
254 0.544727332734
255 0.544787139585
256 0.544881477683
257 0.544934786359
258 0.545014161656
259 0.545067869538
260 0.545212707091
261 0.54524941179
262 0.545292525949
263 0.545387056257
264 0.545437880991
265 0.545516997543
266 0.545560850971
267 0.545629055915
268 0.545699486059
269 0.545757703481
270 0.545831334658
271 0.54593373818
272 0.545995082709
273 0.546052257762
274 0.54610180356
275 0.546205737368
276 0.546305191207
277 0.546347869197
278 0.546407262057
279 0.546447167789
280 0.546574654703
281 0.546645195737
282 0.546710051793
283 0.54675846651
284 0.54690689691
285 0.546989547167
286 0.547062328186
287 0.547111252998
288 0.547257206847
289 0.54735436156
290 0.547404439632
291 0.547465636307
292 0.547530107944
293 0.547566199049
294 0.547613290475
295 0.547666687864
296 0.547734175717
297 0.547812944814
298 0.547874326306
299 0.547931427432
300 0.547996800977
301 0.548050020941
302 0.54811370156
303 0.54815214354
304 0.548220415019
305 0.548264837684
306 0.548322633723
307 0.54850056095
308 0.548693362266
309 0.548727730875
310 0.548771281203
311 0.548803542896
312 0.548862506979
313 0.548954131961
314 0.548997268298
315 0.549126048932
316 0.549180207768
317 0.549292827985
318 0.549336873623
319 0.549428417285
320 0.549491587808
321 0.549521032886
322 0.549585874157
323 0.549735901378
324 0.549965170827
325 0.550014650091
326 0.550094040173
327 0.550123492644
328 0.550226945927
329 0.550424670774
330 0.55045815226
331 0.550480115938
332 0.550584190206
333 0.550621922489
334 0.550661443801
335 0.550693047545
336 0.550744944218
337 0.550782203368
338 0.550904012697
339 0.550928903879
340 0.550958326779
341 0.55098434165
342 0.551009898174
343 0.55103237934
344 0.551072750812
345 0.551196423098
346 0.551225653788
347 0.551261493542
348 0.551310603172
349 0.551357029256
350 0.551397829504
351 0.55142306075
352 0.551465287786
353 0.55153346316
354 0.551557844247
355 0.551582484077
356 0.551627357697
357 0.551646438226
358 0.551685767329
359 0.551709978383
360 0.551746986182
361 0.55183455997
362 0.551926140595
363 0.551952015005
364 0.552071517815
365 0.552127450896
366 0.55217032849
367 0.552200875079
368 0.55223934663
369 0.552326365966
370 0.552360845465
371 0.552387984025
372 0.552454562577
373 0.552495865528
374 0.552529701863
375 0.55255465958
376 0.552614636462
377 0.552681333297
378 0.552711258901
379 0.552736985457
380 0.552770429979
381 0.552877017762
382 0.55318811688
383 0.55322760123
384 0.553268002272
385 0.553302659196
386 0.553352818587
387 0.553393020028
388 0.553555585248
389 0.553583152583
390 0.553608309902
391 0.55365095093
392 0.553706713979
393 0.553787767416
394 0.553814854227
395 0.553836573946
396 0.553871918389
397 0.553906848842
398 0.553937084938
399 0.553962678426
400 0.554000972553
401 0.554024850936
402 0.554066368275
403 0.554082114702
404 0.554105933944
405 0.554124423058
406 0.554149329026
407 0.554171928474
408 0.554204086669
409 0.554270428656
410 0.554292473653
411 0.554313247108
412 0.554359207452
413 0.554407866128
414 0.554464967254
415 0.554483715112
416 0.554527258048
417 0.554553487306
418 0.5545972742
419 0.554641053702
420 0.554672191706
421 0.554690895208
422 0.554713546405
423 0.554729226298
424 0.554760401265
425 0.554813724727
426 0.554837787928
427 0.5548738125
428 0.554899953046
429 0.554927779126
430 0.554969000757
431 0.554985937406
432 0.555022915634
433 0.555081672722
434 0.555117490298
435 0.555145286807
436 0.555246389215
437 0.55528030687
438 0.555313463078
439 0.555343817457
440 0.555396985673
441 0.555490362721
442 0.555586696845
443 0.555668216021
444 0.555768616124
445 0.555820364944
446 0.555871315353
447 0.55590061997
448 0.555935772204
449 0.555963199078
450 0.556003141774
451 0.556026790985
452 0.556050107525
453 0.556084269138
454 0.556110949351
455 0.55614619769
456 0.556182584503
457 0.556242650097
458 0.556275732378
459 0.556292972127
460 0.55632935894
461 0.556356231363
462 0.556406863887
463 0.556431673749
464 0.556516881877
465 0.556556795002
466 0.556621673237
467 0.556644612749
468 0.556688894953
469 0.556718376995
470 0.556872950719
471 0.556891572901
472 0.556919938647
473 0.556970615527
474 0.557026733425
475 0.557065922067
476 0.55710173225
477 0.557129868823
478 0.557166100389
479 0.557181166688
480 0.557214123294
481 0.557236153506
482 0.557260482843
483 0.557284279908
484 0.557306716717
485 0.557328443829
486 0.557347243436
487 0.557380185256
488 0.557408669285
489 0.557473281382
490 0.557544369475
491 0.557568129576
492 0.557616581256
493 0.557667450346
494 0.557700392166
495 0.557721313474
496 0.5577424196
497 0.557767177714
498 0.557790849103
499 0.557821247838
500 0.557850034967
501 0.557875118359
502 0.557897991337
503 0.557925403426
504 0.557947751523
505 0.558009273477
506 0.558039066012
507 0.558089513718
508 0.558302600572
509 0.558334729196
510 0.558372956788
511 0.558395933264
512 0.558524351656
513 0.55856263839
514 0.558605220276
515 0.558623672427
516 0.558664176967
517 0.5586821412
518 0.558699913223
519 0.558770720394
520 0.558815786223
521 0.558915010888
522 0.558993247711
523 0.559022271406
524 0.5590497796
525 0.559080740179
526 0.559117526197
527 0.559138188762
528 0.559160004585
529 0.559178013175
530 0.559198439173
531 0.55922625786
532 0.559415244549
533 0.559434125475
534 0.559452570233
535 0.559472404816
536 0.559503247113
537 0.559580042361
538 0.559610529808
539 0.559630275679
540 0.559662618692
541 0.55969706862
542 0.55974078898
543 0.559754081034
544 0.55977518716
545 0.559824452036
546 0.559852108084
547 0.559875602048
548 0.559921791565
549 0.559945662557
550 0.559979395394
551 0.559992206924
552 0.577053023896
553 0.577093720646
554 0.577111285674
555 0.577143429084
556 0.577541340543
557 0.57761574056
558 0.577646701139
559 0.577669211876
560 0.577691375156
561 0.577756379066
562 0.577781499422
563 0.57784105492
564 0.577884701353
565 0.577905238242
566 0.57793113483
567 0.577949002958
568 0.577982484444
569 0.578090343769
570 0.578108958559
571 0.578126819294
572 0.578147459681
573 0.578171345457
574 0.578196569311
575 0.578213047613
576 0.579272870831
577 0.579298176003
578 0.57932481186
579 0.579343360116
580 0.579398066011
581 0.579418832073
582 0.57944197858
583 0.579467882561
584 0.579487229227
585 0.579527511986
586 0.579542748317
587 0.57956714419
588 0.579602917409
589 0.579629006207
590 0.579662532049
591 0.579674360351
592 0.579698090881
593 0.579735808378
594 0.579762192883
595 0.579791711888
596 0.579820728191
597 0.579845212775
598 0.579860456499
599 0.57987431779
600 0.579908405477
601 0.579950588157
602 0.579967399131
603 0.57998460931
604 0.582216358473
605 0.582320329244
606 0.58234800747
607 0.582363635614
608 0.582385776716
609 0.582405441267
610 0.582430901686
611 0.582443158764
612 0.582484040331
613 0.582497162354
614 0.582513928971
615 0.582527856796
616 0.58355096053
617 0.584301155774
618 0.584316192503
619 0.584332012856
620 0.58436510253
621 0.584393106034
622 0.584421257392
623 0.584450606365
624 0.584483222907
625 0.584504972197
626 0.584535459644
627 0.584547886753
628 0.584577945425
629 0.584608107594
630 0.584625162526
631 0.584641263802
632 0.584670967624
633 0.584711087745
634 0.584727588226
635 0.584747038389
636 0.584770517568
637 0.584819272349
638 0.584915362514
639 0.584928795029
640 0.584945110692
641 0.58496382898
642 0.584978828745
643 0.585001686938
644 0.585117131161
645 0.585131487763
646 0.585146857162
647 0.585162182205
648 0.585256542481
649 0.585338542182
650 0.585353039244
651 0.58536570292
652 0.585419418195
653 0.585442291173
654 0.585462369715
655 0.585491386017
656 0.58551699429
657 0.585534559318
658 0.585548132294
659 0.585567929914
660 0.585585384052
661 0.585601707108
662 0.585619907907
663 0.585634900279
664 0.585654099091
665 0.585689761421
666 0.585716027643
667 0.585728728282
668 0.585743927649
669 0.585765462551
670 0.585783715099
671 0.585801420588
672 0.585894302326
673 0.585910085716
674 0.585928604401
675 0.585940403132
676 0.586302193915
677 0.586312558464
678 0.586322959977
679 0.586336089392
680 0.586355783514
681 0.586403170647
682 0.586420299507
683 0.58643584633
684 0.586451481867
685 0.586472218358
686 0.586487358584
687 0.586519575921
688 0.586644512356
689 0.586657286922
690 0.586671517847
691 0.586684055847
692 0.586722660467
693 0.586734008243
694 0.586747936069
695 0.587499328929
696 0.587514040379
697 0.587561893252
698 0.587586924895
699 0.58761358293
700 0.587829368115
701 0.587846659613
702 0.587864727344
703 0.587879520113
704 0.587899406446
705 0.587925118216
706 0.58793879469
707 0.587954814646
708 0.587972764094
709 0.58798652928
710 0.587997551778
711 0.588010156312
712 0.588022287714
713 0.588156642435
714 0.588168138066
715 0.588181526224
716 0.588218970192
717 0.588242397622
718 0.588266394289
719 0.588279191032
720 0.588296238572
721 0.588308983567
722 0.588325528404
723 0.588337489774
724 0.588355823641
725 0.588369440974
726 0.588385394395
727 0.588399196545
728 0.588415260857
729 0.588457983204
730 0.58847029203
731 0.588479665959
732 0.588495804198
733 0.588510116443
734 0.588524428688
735 0.588537107149
736 0.588563129413
737 0.588574632436
738 0.588588959466
739 0.588599841504
740 0.588616600729
741 0.588631267823
742 0.588648766316
743 0.588660668545
744 0.588683282779
745 0.588719070784
746 0.588734336686
747 0.588746911649
748 0.589107586136
749 0.589124885027
750 0.589154440996
751 0.589176744737
752 0.589194391084
753 0.589213235047
754 0.589233069631
755 0.589248601669
756 0.589533478921
757 0.589556950707
758 0.589584377581
759 0.589609712325
760 0.589623470118
761 0.589651214878
762 0.589664248188
763 0.589681184837
764 0.589713964018
765 0.589733983419
766 0.589752221181
767 0.589768462918
768 0.589780993525
769 0.589797619682
770 0.589811540114
771 0.589824336858
772 0.589902026621
773 0.589919628613
774 0.58993647655
775 0.589948238317
776 0.58996834643
777 0.590019193342
778 0.590028641197
779 0.59003865829
780 0.590057842317
781 0.590074675469
782 0.590093068478
783 0.59010921411
784 0.590130283272
785 0.590151492895
786 0.590166440911
787 0.590183399739
788 0.590225286712
789 0.59023982813
790 0.590257836719
791 0.590273006516
792 0.59029207226
793 0.59033980685
794 0.590595268594
795 0.59060903378
796 0.590657300643
797 0.590678569408
798 0.590701087537
799 0.590711666474
800 0.590725542551
801 0.590751897485
802 0.590772722689
803 0.590792993441
804 0.590829786851
805 0.590838022306
806 0.590855121595
807 0.590862817384
808 0.590876959597
809 0.590914277888
810 0.5909259953
811 0.590943922569
812 0.590963306198
813 0.5909820097
814 0.591014441425
815 0.591023039122
816 0.591035281414
817 0.591064711707
818 0.591079400979
819 0.591097173002
820 0.591115832148
821 0.591128355362
822 0.591141580882
823 0.59115130966
824 0.591177605453
825 0.591214753713
826 0.591241042113
827 0.591252818666
828 0.591269304361
829 0.591289604684
830 0.591302719313
831 0.591313845309
832 0.591326279812
833 0.591337457557
834 0.591349322822
835 0.591361757324
836 0.591531656091
837 0.591542013248
838 0.591563296798
839 0.591582421683
840 0.591603927014
841 0.591631398244
842 0.591645880521
843 0.59165415294
844 0.591684669958
845 0.591698575605
846 0.591712917421
847 0.591741719335
848 0.591762803283
849 0.591776250583
850 0.591794296136
851 0.59180379574
852 0.591820318399
853 0.591829781041
854 0.591841749803
855 0.59185202564
856 0.591869694166
857 0.591902000215
858 0.591914789566
859 0.591928525181
860 0.591943199668
861 0.591952677094
862 0.591992804608
863 0.592004862083
864 0.592033102153
865 0.592045093093
866 0.592056788327
867 0.59206779604
868 0.592089537937
869 0.592096198749
870 0.5921089881
871 0.592116528643
872 0.592125030234
873 0.592151244708
874 0.592161380084
875 0.592172557829
876 0.592185598531
877 0.592201263638
878 0.592218089397
879 0.592227515075
880 0.59223693336
881 0.592245826765
882 0.592261055703
883 0.592268049186
884 0.592319982823
885 0.592330229089
886 0.592344326946
887 0.592353094675
888 0.59239740645
889 0.592457191122
890 0.592465677928
891 0.592479125229
892 0.592549363162
893 0.592569035106
894 0.592580826444
895 0.59259085093
896 0.592600454032
897 0.592612474544
898 0.592623777965
899 0.592635428842
900 0.59295634545
901 0.592967988934
902 0.592978767474
903 0.592992103884
904 0.593008641328
905 0.593035535929
906 0.593047807792
907 0.593055437047
908 0.593083573619
909 0.593096399934
910 0.593105825612
911 0.593117624342
912 0.593135004553
913 0.593153671092
914 0.593170718631
915 0.593187559176
916 0.593207208942
917 0.593218571504
918 0.593229579217
919 0.593240631287
920 0.593255941544
921 0.593289134716
922 0.593297946801
923 0.593310499586
924 0.593328663421
925 0.59334125317
926 0.593351277655
927 0.593358788627
928 0.593371910649
929 0.59338302186
930 0.593395944279
931 0.59340468983
932 0.593435909154
933 0.593449659554
934 0.593465361625
935 0.593477219497
936 0.603094279267
937 0.603129350181
938 0.603137681741
939 0.603148216322
940 0.603170305676
941 0.603191618797
942 0.603209494318
943 0.603222867691
944 0.603246028984
945 0.603257354583
946 0.603267112932
947 0.603275902838
948 0.603298834958
949 0.603306656423
950 0.60332243242
951 0.603335746652
952 0.603349075669
953 0.603368385372
954 0.603374454769
955 0.603383821305
956 0.603417761138
957 0.603428428788
958 0.6034388303
959 0.603449342704
960 0.603461259717
961 0.60347479573
962 0.603484968069
963 0.60349156974
964 0.603573990825
965 0.603582485024
966 0.603594416823
967 0.603601935187
968 0.603613955699
969 0.60363656254
970 0.603652382893
971 0.60366499482
972 0.604599962921
973 0.604615561494
974 0.604625075884
975 0.604635011658
976 0.604658409517
977 0.604672233844
978 0.60468580682
979 0.604704924313
980 0.604718992599
981 0.604734081076
982 0.604746715181
983 0.604757567648
984 0.604784203504
985 0.604812532287
986 0.604827288093
987 0.604839855663
988 0.604858396526
989 0.604872664415
990 0.604885505515
991 0.604897319031
992 0.604910352341
993 0.604923075158
994 0.604937468723
995 0.604947722381
996 0.605100566216
997 0.60511209881
998 0.605122219401
999 0.605133397146
1000 0.605148507801
1001 0.605167137376
1002 0.605179675376
1003 0.605191355824
1004 0.605599838828
1005 0.605613744475
1006 0.605664155218
1007 0.605672361102
1008 0.605687649182
1009 0.60569757017
1010 0.605706803638
1011 0.605715460476
1012 0.605760666766
1013 0.605770683859
1014 0.605788012321
1015 0.605800594677
1016 0.605816230213
1017 0.605839487611
1018 0.605853016231
1019 0.605910272604
1020 0.605923209808
1021 0.605940412595
1022 0.605951863869
1023 0.605961082552
1024 0.605992190985
1025 0.606001956726
1026 0.606016653391
1027 0.606033523506
1028 0.606090580276
1029 0.60610005031
1030 0.606111486799
1031 0.606119093876
1032 0.606130308584
1033 0.606163324331
1034 0.606261994545
1035 0.60627515353
1036 0.606312065224
1037 0.606323967453
1038 0.606335159983
1039 0.606344792656
1040 0.606358018176
1041 0.606368530579
1042 0.606381164684
1043 0.606393525259
1044 0.606405530985
1045 0.606417751099
1046 0.606431375824
1047 0.60643983306
1048 0.606459431077
1049 0.606484041337
1050 0.606495256045
1051 0.606504245555
1052 0.60651682791
1053 0.60653005343
1054 0.606542184832
1055 0.606554767188
1056 0.606578165047
1057 0.606587938181
1058 0.60659673548
1059 0.606606405117
1060 0.606641949163
1061 0.606649763235
1062 0.606672754496
1063 0.606690703944
1064 0.606742489727
1065 0.606777856349
1066 0.606787304205
1067 0.606795465733
1068 0.606805564146
1069 0.606819026231
1070 0.606830366615
1071 0.60683945223
1072 0.606852078942
1073 0.606867374414
1074 0.606885671318
1075 0.606893359714
1076 0.606942047961
1077 0.606951872844
1078 0.606961793832
1079 0.606974398366
1080 0.606999688753
1081 0.60703507016
1082 0.607054749497
1083 0.607079855067
1084 0.60709152073
1085 0.607114999908
1086 0.607126613822
1087 0.607136608737
1088 0.607149154129
1089 0.607159784815
1090 0.607172655486
1091 0.607212043731
1092 0.607229741827
1093 0.607468252136
1094 0.607487628373
1095 0.60751200946
1096 0.607525708111
1097 0.607549364715
1098 0.607558945639
1099 0.607592249701
1100 0.607612025142
1101 0.607629072682
1102 0.607643140968
1103 0.607658532546
1104 0.609454689717
1105 0.609474406017
1106 0.609484911027
1107 0.609495445609
1108 0.609527293311
1109 0.6095362015
1110 0.609546492123
1111 0.609561440139
1112 0.609576935214
1113 0.609603718925
1114 0.609611385143
1115 0.609646751764
1116 0.609657412021
1117 0.609677697558
1118 0.609688379993
1119 0.60969617928
1120 0.609718002496
1121 0.609728684931
1122 0.609738354568
1123 0.609747026191
1124 0.609760894875
1125 0.609771252032
1126 0.609783095119
1127 0.609794184151
1128 0.609810758559
1129 0.609857036789
1130 0.609869545218
1131 0.609882031469
1132 0.609895249596
1133 0.609907026149
1134 0.609921907631
1135 0.609929729095
1136 0.609957215111
1137 0.609965236178
1138 0.609981662732
1139 0.609993431892
1140 0.610004461783
1141 0.610012734202
1142 0.610022248592
1143 0.610030838896
1144 0.610044899789
1145 0.610075165456
1146 0.610081493598
1147 0.610090239148
1148 0.61010137993
1149 0.610112986451
1150 0.610123587566
1151 0.610131815628
1152 0.610143592181
1153 0.610152005061
1154 0.610162362217
1155 0.611088059887
1156 0.611111842166
1157 0.61114347548
1158 0.611162711256
1159 0.611182996793
1160 0.611197242504
1161 0.611229637265
1162 0.61123927733
1163 0.611249227889
1164 0.611279589661
1165 0.611297827423
1166 0.611312487125
1167 0.611327058114
1168 0.611338531566
1169 0.611347454541
1170 0.611361589362
1171 0.611369388648
1172 0.611386347476
1173 0.61139504867
1174 0.611406736511
1175 0.611418771807
1176 0.611431575944
1177 0.61146475433
1178 0.611473034141
1179 0.611492425163
1180 0.611506574769
1181 0.611540300214
1182 0.611607085762
1183 0.611617413348
1184 0.611677471549
1185 0.611690527037
1186 0.611705275451
1187 0.611715839603
1188 0.611732680147
1189 0.611744220134
1190 0.611753549707
1191 0.611762724033
1192 0.611773946134
1193 0.611797543596
1194 0.611811500992
1195 0.611824704334
1196 0.61183690227
1197 0.611847880412
1198 0.61186170474
1199 0.611870502039
1200 0.613159328568
1201 0.613169005598
1202 0.613177507189
1203 0.613191634617
1204 0.613207817212
1205 0.613219468089
1206 0.613231451637
1207 0.61324193447
1208 0.613257067303
1209 0.613306709206
1210 0.613323801102
1211 0.613340308976
1212 0.613404625366
1213 0.613423136658
1214 0.613441943657
1215 0.613461002008
1216 0.617477065256
1217 0.617493122175
1218 0.617517710257
1219 0.617534868687
1220 0.61754848602
1221 0.617570353592
1222 0.617592568621
1223 0.617609350024
1224 0.617653284772
1225 0.617682944238
1226 0.617701241142
1227 0.617716921035
1228 0.617743327718
1229 0.617764522556
1230 0.617803467239
1231 0.617820389103
1232 0.618023843283
1233 0.618040025879
1234 0.618068805615
1235 0.618087634793
1236 0.618106338295
1237 0.618120510078
1238 0.61813489625
1239 0.618148683614
1240 0.621955260248
1241 0.621987455406
1242 0.622005885379
1243 0.622026000884
1244 0.622105339217
1245 0.622124515851
1246 0.622142169591
1247 0.62216155322
1248 0.622204238604
1249 0.622229920804
1250 0.622257791239
1251 0.622284515808
1252 0.623134431028
1253 0.623161990971
1254 0.623184693918
1255 0.623203175639
1256 0.623227150128
1257 0.623256476923
1258 0.623277250378
1259 0.623296131304
1260 0.623344553414
1261 0.62337088617
1262 0.623392310182
1263 0.623410570122
1264 0.623432659476
1265 0.62344930781
1266 0.623487653685
1267 0.623514814423
1268 0.623565816581
1269 0.623589916746
1270 0.623619347038
1271 0.623638775024
1272 0.623659785045
1273 0.623687574161
1274 0.623708569396
1275 0.623728603582
1276 0.623750759469
1277 0.623773395882
1278 0.623796734599
1279 0.623818934843
1280 0.623848439063
1281 0.623872132629
1282 0.623890643921
1283 0.623910966422
1284 0.623932360863
1285 0.623951138291
1286 0.623971682573
1287 0.623992152927
1288 0.624025397848
1289 0.624066368127
1290 0.624086210103
1291 0.624111123464
1292 0.62414479716
1293 0.624165733254
1294 0.624182780793
1295 0.624199503055
1296 0.624454765196
1297 0.624476847157
1298 0.624497332297
1299 0.624516050584
1300 0.627812568674
1301 0.627836476628
1302 0.627855409303
1303 0.627874962965
1304 0.627891744367
1305 0.627935331659
1306 0.628067682961
1307 0.62808676349
1308 0.62839275426
1309 0.628412818017
1310 0.628437664843
1311 0.628455518186
1312 0.628489938544
1313 0.628510408898
1314 0.628529932988
1315 0.628565994523
1316 0.628591388408
1317 0.628615577285
1318 0.628639721805
1319 0.628662786994
1320 0.628729055053
1321 0.628769234316
1322 0.62879949259
1323 0.628829270339
1324 0.628851862395
1325 0.628871763512
1326 0.628889587284
1327 0.628910612091
1328 0.628926632047
1329 0.628995361872
1330 0.629011433576
1331 0.629029176029
1332 0.629055020868
1333 0.629072829855
1334 0.62908972954
1335 0.62911109441
1336 0.629172608971
1337 0.629200849041
1338 0.629218133147
1339 0.629235047619
1340 0.629876614698
1341 0.629896922413
1342 0.629916860494
1343 0.629938062725
1344 0.629975543656
1345 0.629995141673
1346 0.630071508145
1347 0.630091239231
1348 0.630111687407
1349 0.630327309953
1350 0.630420672216
1351 0.630447951237
1352 0.630483613566
1353 0.630524199426
1354 0.63055201072
1355 0.630573737832
1356 0.630598126311
1357 0.630636708753
1358 0.63066070542
1359 0.630678152164
1360 0.63070464756
1361 0.63072161378
1362 0.630747576902
1363 0.630793485498
1364 0.63085610157
1365 0.630875529555
1366 0.630891919145
1367 0.630907421613
1368 0.63092622122
1369 0.630956612563
1370 0.630975316064
1371 0.631000399457
1372 0.631026599145
1373 0.631050521885
1374 0.631069920299
1375 0.631076758536
1376 0.631096275234
1377 0.631103630959
1378 0.631116826908
1379 0.631123650359
1380 0.631156133833
1381 0.631169470243
1382 0.63117768352
1383 0.631188292028
1384 0.631199565878
1385 0.631230319462
1386 0.631245910642
1387 0.631251750866
1388 0.631269752062
1389 0.631278852462
1390 0.631318329419
1391 0.631325796034
1392 0.631334497228
1393 0.631339849535
1394 0.631352564959
1395 0.631360852163
1396 0.631535445287
1397 0.63157787932
1398 0.631585375506
1399 0.63159162972
1400 0.634730883147
1401 0.634765089117
1402 0.63478717847
1403 0.634806429031
1404 0.63494737803
1405 0.634955953549
1406 0.634971966112
1407 0.634982485908
1408 0.635008057217
1409 0.635024077173
1410 0.635058697134
1411 0.635071811763
1412 0.635102646667
1413 0.635108664315
1414 0.63511720287
1415 0.635125024335
1416 0.635137998503
1417 0.635156827681
1418 0.635165299702
1419 0.635174015682
1420 0.65888560573
1421 0.658895341901
1422 0.658902897229
1423 0.658908404782
1424 0.658934789287
1425 0.658941006538
1426 0.668809794745
1427 0.668822088786
1428 0.668835159059
1429 0.668848355008
1430 0.669730287962
1431 0.669735307597
1432 0.669741983195
1433 0.669755460066
1434 0.669761884312
1435 0.669766186857
1436 0.669778739642
1437 0.669788372315
1438 0.669822696568
1439 0.66983521239
1440 0.670366007425
1441 0.670373843675
1442 0.670384126904
1443 0.670394735412
1444 0.670435646551
1445 0.670443416266
1446 0.670454216984
1447 0.670460264203
1448 0.670503747997
1449 0.670521564376
1450 0.674967749027
1451 0.675060408985
1452 0.676140022429
1453 0.676948087639
1454 0.680696520778
1455 0.680706597012
1456 0.680721271499
1457 0.680738999166
1458 0.680770662051
1459 0.680779792021
1460 0.682493735103
1461 0.682499641861
1462 0.68250656881
1463 0.682522780976
1464 0.6825922205
1465 0.683694026795
1466 0.689335446538
1467 0.690406676674
1468 0.691475068018
1469 0.691489350692
1470 0.691495804509
1471 0.691499042506
1472 0.694616435753
1473 0.694621115325
1474 0.69462981652
1475 0.694635264931
1476 0.695081931171
1477 0.695085745798
1478 0.695095748106
1479 0.695102519808
1480 0.697908643906
1481 0.697923665849
1482 0.69792911426
1483 0.697933394627
1484 0.698020909273
1485 0.69803049759
1486 0.698034334396
1487 0.698037616749
1488 0.698606853765
1489 0.698610860602
1490 0.698614379521
1491 0.69861665647
1492 0.710117144099
1493 0.710124684641
1494 0.710128048314
1495 0.71013436167
1496 0.716139716076
1497 0.71615075336
1498 0.71615457538
1499 0.716158737464
1500 1.0
